1
5
2
2 3 
5 9 
3
3 -2 4 
-1 5 2 
-3 6 4 
4
2 4 5 6 
0 3 6 9 
0 0 9 8 
0 0 0 5 
4
2 4 5 6 
0 0 0 0 
0 0 9 8 
0 0 0 5 
4
2 0 0 0 
0 3 0 0 
0 0 9 0 
0 0 0 5 
4
2 4 0 6 
1 3 0 0 
4 0 0 8 
2 5 0 5 
6
6 4 6 4 6 4 
1 2 3 4 5 6 
6 5 4 3 2 1 
3 2 3 2 3 2 
4 6 4 6 4 6 
1 1 1 1 1 1 
5
1 2 3 4 5
1 2 3 4 5
1 2 3 4 5
1 2 3 4 5
1 2 3 4 5
1
2
3
1 2 3
1 2 3
1 2 3
1
4
1
6
3
1 2 3
1 2 3
1 2 3
6
2 4 6 8 10 12
1 3 5 7 9 11
1 3 5 7 7 3
-2 -5 -7 -9 15 2
5 7 4 2 9 1
2 3 -4 5 6 -10
4
1 2 3 4
1 2 3 4
1 2 3 4
1 2 3 4
3
1000 10 2 
3 4 5
1 2 3
3
3 2 1
4 5 6
3 4 5
2
1 2
3 4.2
3
1 2 3
1 2 3
1 2 3.556
4
2 3 4 7
5 5 6 8
4 5 7 9
-3 2 3 10
3
2 3 4.5
1 2.7 5
6 7 8.5
4
-5 10 15 50
2.4 34 6 32
-78 23 10 -4
1 2 3 100
