395
680
832
875
676
104
738
936
184
580
546
477
836
208
703
74
454
967
479
694
796
407
862
245
77
173
423
436
369
90
190
160
513
639
534
83
374
415
58
747
791
669
471
302
654
865
536
811
370
293
421
136
490
882
154
284
451
741
313
755
98
561
289
933
412
764
813
537
750
574
855
339
594
728
337
743
483
312
105
549
520
433
815
274
295
323
211
427
540
264
849
514
24
798
232
130
916
27
1000
634
740
579
118
279
465
268
32
28
44
523
47
70
94
409
753
473
108
986
225
299
272
858
833
987
885
185
972
234
503
171
192
776
840
76
779
286
843
805
189
301
500
413
73
794
946
401
434
216
789
852
349
890
935
177
707
80
826
679
889
784
282
394
498
618
746
431
729
7
495
437
126
377
963
723
213
103
463
418
429
622
42
283
575
817
111
974
265
119
629
962
908
979
896
955
335
745
989
328
695
848
730
59
758
711
698
624
878
397
493
468
511
914
158
818
605
756
997
251
953
877
142
174
610
976
643
663
602
504
110
708
419
141
458
380
799
101
348
269
535
420
247
353
554
391
137
308
222
81
555
392
942
292
356
358
23
300
773
649
548
270
371
86
593
129
900
396
297
206
583
127
424
362
551
921
744
640
145
627
425
688
422
338
565
635
932
224
88
304
860
66
819
641
50
668
361
981
897
221
801
675
492
138
988
693
527
998
15
530
690
19
440
87
766
636
408
689
927
949
34
291
22
439
373
170
765
608
873
777
859
317
598
539
771
804
560
410
131
603
267
411
254
343
928
517
856
958
841
781
285
586
248
271
449
816
556
584
870
311
725
379
623
577
65
250
871
242
93
719
620
244
684
499
199
879
830
447
670
578
165
681
350
320
509
761
553
709
995
607
793
85
559
321
176
544
699
438
918
547
481
195
600
368
452
121
435
542
625
842
402
96
327
977
959
35
125
276
75
393
869
515
38
26
6
837
442
715
386
783
446
630
31
834
792
241
906
810
952
866
288
135
455
51
525
838
258
205
71
748
901
883
29
8
701
887
645
95
201
448
752
20
346
678
538
99
965
132
595
762
973
497
318
333
910
571
277
568
460
770
947
46
672
259
383
52
461
404
611
305
892
938
486
839
735
342
466
563
263
68
357
382
92
445
187
57
868
261
767
939
664
720
239
309
911
117
133
637
316
975
644
545
310
619
797
112
91
845
467
648
432
49
453
696
157
2
518
950
806
731
656
721
971
948
496
62
732
592
985
718
907
581
774
372
614
102
25
228
166
182
814
223
12
922
524
760
778
351
665
36
303
262
72
183
82
506
829
751
847
226
457
824
516
315
961
666
872
913
41
567
576
510
9
474
202
702
163
200
332
787
89
969
78
846
340
853
726
69
203
929
116
588
827
470
941
573
246
894
782
505
543
54
322
521
235
124
485
209
564
472
97
983
212
632
237
825
162
196
296
364
146
494
218
945
716
812
831
478
691
144
507
566
558
1
904
3
671
909
153
389
541
606
489
713
416
903
968
150
884
306
920
966
64
347
714
993
650
197
148
647
476
615
786
930
376
823
912
443
487
822
992
156
204
980
653
638
13
253
11
737
314
661
807
60
724
294
646
775
275
462
705
531
686
863
864
238
569
788
336
33
56
405
957
30
682
591
384
802
587
381
84
880
281
850
181
39
178
106
931
722
480
48
604
857
210
198
800
152
406
37
107
562
895
700
662
233
557
710
501
307
482
227
652
660
937
257
621
360
61
67
772
943
134
924
886
378
484
982
180
529
266
375
923
329
220
215
828
169
114
727
768
140
612
990
430
278
464
217
400
934
456
526
252
63
298
290
785
808
996
550
330
631
960
341
589
236
692
240
677
651
491
984
925
149
256
155
572
763
387
659
512
230
414
742
926
365
956
10
570
417
352
354
5
552
891
175
902
951
697
229
319
590
888
795
161
706
944
596
999
17
616
820
749
655
809
919
522
167
898
43
151
188
964
915
164
582
844
821
120
243
599
673
388
532
617
508
450
172
674
803
628
18
331
194
633
657
123
685
444
385
881
533
14
658
143
128
55
214
613
186
193
488
219
113
978
324
79
757
769
626
231
469
249
100
940
970
359
683
273
53
642
363
475
4
326
790
147
601
179
168
739
287
835
704
899
528
759
366
207
280
867
585
734
45
854
441
917
355
115
687
717
954
667
334
780
403
109
390
994
255
861
905
991
428
139
122
597
426
40
367
712
159
733
874
16
399
876
736
325
754
893
260
609
344
502
398
851
191
345
459
519
21
