1256
8816
5000
4473
456
1856
3002
3585
9003
829
7871
8484
5933
8974
9337
1060
8465
4631
4922
8179
9314
692
3172
9025
6644
9180
8326
4958
3376
4376
4453
5862
6854
4623
3212
8066
4433
5346
8421
5254
7958
1162
5942
1016
6022
6828
46
6328
555
407
3099
2071
6474
434
7791
1859
7997
856
4381
4025
930
7673
1644
8924
1977
8064
8799
2511
160
3714
9661
3118
5724
2839
2095
6766
3821
2871
6521
2809
8411
6809
9000
9361
6348
8073
6529
619
6507
7907
4915
2106
5931
8907
5454
6378
9292
4278
4678
2238
380
7153
1939
1591
83
5584
8277
533
1805
9465
6160
7014
5955
3338
5910
7077
823
400
7805
7202
4341
8849
5081
7269
2515
2772
1319
7715
7975
3669
9535
5133
1564
9403
4190
9855
7634
3733
8049
1890
8967
3973
2325
1345
3683
9501
7332
4775
2186
9973
9276
8201
7418
2843
1526
8650
225
252
1827
7945
3403
8858
3482
4220
2004
1407
7285
3429
1366
4216
5663
3229
9839
7778
5173
6843
7371
9961
32
7721
5567
8847
725
9387
6525
973
9462
94
1133
3976
5040
6033
3232
4488
3093
7656
9484
6135
4236
1275
668
5789
9115
9500
1155
1474
9767
2232
7192
9965
6856
9813
6670
6366
244
3124
9801
6215
9111
5353
5842
6667
1902
6000
1464
399
3588
3159
8623
2051
15
4667
6713
5786
1292
6324
7222
913
3739
2354
749
4354
1510
426
3566
3899
2460
3582
5588
814
8425
8992
7929
8015
2861
395
9092
3704
1932
623
1308
6626
549
9850
7136
5829
6447
4384
2572
8839
431
7818
9112
1704
1918
9916
3007
2425
2073
6915
2099
8017
8792
2049
8775
7074
1699
3186
6484
1393
8690
990
2504
6248
2113
5483
8466
1872
6027
8581
1347
5409
9083
9238
8315
1179
2782
4545
3079
6092
6056
9303
8345
2359
5664
2786
1542
8750
4938
4257
3348
239
7781
212
2305
8167
6522
7208
3526
4540
7576
330
8335
6358
3379
7360
4094
5069
62
1465
6797
607
9518
236
6646
1646
1487
9641
226
5185
187
2127
7092
1020
7804
462
3880
5229
9171
9853
2869
6686
7038
6116
5197
1011
8023
1145
8768
8353
4403
4298
8749
8968
9393
5121
8772
5721
1995
5211
1450
4813
6114
7234
7718
1255
6673
5801
9517
9949
6095
3884
791
9015
8350
4646
7050
9449
784
9884
6889
9438
5407
3501
5797
1075
5478
8617
7097
7385
6848
9666
948
3257
4521
4111
6946
2213
7652
4267
7246
1828
6789
818
3150
5208
7621
3599
9585
8007
6372
4834
7406
624
7695
6362
2944
8953
5662
942
1021
8361
5889
3898
7320
2370
5568
7822
9783
7535
3879
9676
4797
1242
8829
6049
7957
3965
4380
1322
1183
4416
5244
9124
7141
7373
7978
8124
4336
1894
6830
2794
4583
3598
8386
3339
1609
9310
6749
6163
1247
9286
201
538
7766
2131
9877
1799
1091
6367
2985
6598
2532
2141
8908
1625
5674
296
2678
4429
1714
2548
279
4548
8042
2980
2431
9800
6675
4875
7774
6551
6794
5098
8173
6892
3986
2842
3695
5784
142
5474
4469
6055
6425
4141
7874
9704
2893
8533
7829
5597
7199
1975
4499
6504
2807
6900
585
817
1053
7183
3209
4991
5246
2339
3161
9324
2549
8428
8256
1933
287
508
3466
9595
133
2925
4593
841
2289
75
3293
7259
2130
7093
2787
6211
7653
797
4242
3675
9503
9752
995
3242
652
5810
2705
8208
7096
3165
8660
4128
51
3522
8940
2697
502
3967
7110
1896
9775
8065
4432
8981
2310
5141
1177
768
146
8917
5572
170
3500
3109
3753
5727
292
7685
9445
1398
2430
6605
1207
6326
2465
4383
1806
7570
8860
5755
4896
2993
8240
5201
5060
6453
6829
1883
2500
3748
2123
6023
161
1174
9214
6999
5581
738
4331
3984
4299
6264
3808
7976
3860
4518
4074
1094
9056
1701
7181
8532
9270
1595
8187
556
9475
8379
9053
7771
2907
9738
2324
545
9680
5616
5555
5720
8376
4212
3048
1619
7499
4616
979
9745
4280
3234
5763
192
2550
11
7489
4951
1015
2406
1963
7662
5634
9575
9301
6959
9766
9215
7008
1785
4579
9786
4350
5927
9603
6810
5777
4665
2336
420
9698
2806
850
4998
98
1306
3843
4880
5481
1241
9077
728
415
3423
3655
9789
5408
4962
1036
5996
9871
8717
2783
1317
5870
5319
9601
7377
2363
4042
1847
3947
5817
4712
6625
1607
4707
8573
9963
3108
8044
5140
9998
9476
9222
8501
6392
9574
7061
8655
2746
893
767
438
2686
7296
1410
4483
5609
6514
4326
4102
1476
3520
1850
9977
4474
9986
7275
2044
9636
2276
1914
4871
9072
6509
9543
7226
5427
3931
4235
132
3387
5300
1577
2594
9938
6286
3652
898
3351
4993
1721
6096
9994
5095
1264
6149
7629
7200
704
2247
9674
9755
8954
4800
1440
7554
247
5496
2668
2747
4675
1092
2140
9635
7400
8310
2029
2284
3829
9065
443
8342
723
8704
3055
7605
5924
9329
2895
5872
4736
2491
8152
2195
7981
3750
1235
3197
5293
9242
8162
5907
2462
783
3142
9876
3705
9126
7438
4826
284
1122
6183
6729
7304
7853
837
3063
980
7819
1953
6741
764
2863
2263
8427
4455
7966
8745
6928
4853
4840
743
5794
4291
3024
8594
8638
8969
4201
2914
7582
3799
4642
8701
5361
8567
568
8922
1976
5143
1783
9642
6410
1744
8936
1819
1205
4207
2245
6588
8328
7125
8365
3563
5153
9781
1384
9320
8151
790
4479
7838
6611
5171
6435
2638
2913
989
9305
9021
6531
1719
3676
2796
935
7983
7368
3505
9378
6886
2411
2701
7710
6103
3448
6560
7025
7979
9251
9859
4227
5860
8934
406
2704
5849
3741
6890
5747
57
6957
3217
9176
5606
6592
6038
5084
5525
1377
4702
9795
6651
7666
2955
2399
7990
9926
3776
1640
2627
2382
8809
6685
5703
3180
8166
8522
3530
1804
2440
3827
6439
5431
5637
6530
1685
335
9379
8666
1716
8882
6813
9277
3111
4509
4351
917
2332
3818
4552
4990
9591
2122
4421
8280
143
9988
2138
6004
3328
5281
2054
5628
8289
8476
9093
1531
6840
4188
8135
4795
2912
7758
5670
3275
7760
4271
4572
5788
5299
2508
9978
5437
4878
222
1563
4327
3330
1154
5605
2019
2436
6073
6469
2880
638
2298
4846
7268
9754
2856
6134
6658
9894
6327
1457
3287
196
8492
7413
1454
9195
8952
6649
2681
1389
7850
5775
341
181
8186
7037
9560
3068
1018
1652
245
4671
8897
6791
2421
7016
6193
1385
4167
1458
7395
8160
6342
7928
89
8760
5560
3061
8556
1158
8904
8141
4047
7284
3730
5750
6334
7932
9228
9089
9427
7959
7229
9327
3405
3361
5799
5354
3266
4034
5898
770
6086
4144
238
4802
3901
2147
8706
8733
2653
4906
2750
6645
8176
283
5013
6724
8504
1989
8191
3736
2672
338
2623
1291
2038
2793
4484
2112
1411
6823
2145
5375
5484
2423
2848
1058
4751
1562
1340
4647
4339
7087
154
8669
8217
4168
3437
2304
8435
5822
7129
4246
9933
2200
890
2042
1037
7667
3574
8651
8146
2803
3788
3811
5301
165
8951
1438
9615
3935
5031
9434
6364
922
4970
9844
3091
3867
2291
1302
4805
7434
5383
1004
7020
5563
8753
8873
9729
9422
9734
303
1911
3606
6772
3321
1097
5377
6757
6924
9244
6824
6873
8585
7498
4888
2507
5853
5275
8545
2482
9468
5239
3756
786
4211
1085
3451
8346
1285
3969
2850
5542
6891
5681
8318
8506
2088
1193
5114
2865
408
1935
488
5395
662
7049
454
1028
4263
7767
6421
1600
8233
2851
9157
110
6753
5734
6028
7099
9495
8692
7040
1999
1703
2452
7336
3711
6199
8548
3326
3545
1794
2234
8410
977
4789
5419
470
2575
3169
9135
9918
8667
259
5476
2646
3558
2396
5574
3527
1781
5202
286
8958
1877
6970
410
69
7145
8989
4080
2791
9903
2648
3492
715
2479
6849
6806
5363
4935
2866
1874
5371
8985
7286
6671
4532
9527
8550
1467
1297
5854
9699
639
7619
8566
2525
849
4569
6697
9298
2188
7340
7724
1469
7492
9055
7875
2171
1473
8281
5547
3015
5457
742
3260
203
5636
5070
782
4226
3472
7437
8870
4318
7359
3356
3089
602
354
7642
4651
2982
4132
6506
3994
4498
1483
4078
8592
312
383
2094
7845
2760
114
869
1506
5344
65
4605
4219
3868
5497
7889
5310
2149
1294
183
4125
9052
3494
9672
1437
6238
7772
9909
2351
3389
5191
4677
3203
7345
3422
3378
4442
7292
1001
5075
5897
7344
1578
3687
1120
4713
5587
8852
7876
5759
9371
2919
9843
3770
4250
4362
4780
3308
9551
830
3188
8679
6169
2254
6024
4633
130
2717
8035
97
9333
423
7837
3990
560
2392
5030
4670
6341
3487
348
9847
5706
8078
7511
3757
3997
1041
7779
9453
7686
3626
8025
8525
1417
9315
9803
2445
5949
3968
7299
4420
4372
5453
13
9317
5149
5569
1436
4048
4835
2800
7426
1958
6130
8879
7363
6247
8203
2046
214
1199
4308
5642
1764
2894
7468
7094
778
3194
198
8782
8584
2529
2607
3524
924
5610
4312
928
7264
999
6745
4451
2159
6858
3516
2490
185
7541
8295
6413
2063
9611
880
4426
4827
9651
8725
3988
4487
1050
5412
5029
7623
2909
4277
4287
2008
3722
8211
5577
6223
2808
5343
9261
71
5835
6042
6292
851
1548
1397
1544
2740
3417
8406
2631
6081
5651
6903
7378
5828
613
4013
2593
3193
1150
7250
8871
4550
8977
826
1846
698
2677
6431
3137
9932
6585
6618
2066
7817
9432
171
53
8957
5422
9700
651
8102
1427
8695
3435
1106
9342
6335
7676
6604
3284
5848
9668
5494
9288
8308
6635
1792
2799
6395
5023
2940
4390
8239
8159
1057
5995
4494
7827
1798
3908
2015
8407
4956
9817
4529
8675
9415
4626
8441
7859
4873
8242
459
1223
2429
495
548
5367
8580
6377
1700
8377
4555
9216
6132
5148
3888
4508
5012
9690
3434
1499
5840
3090
1844
4718
1823
8998
5276
1189
1813
9657
6754
1312
2137
3565
1893
944
7407
5264
2394
6384
7198
9524
6373
9181
7111
8229
1796
6255
5667
2264
9836
7177
643
6589
834
4685
621
1713
5432
4848
8827
2961
9937
7316
7831
47
801
6832
4913
5824
1682
8189
2889
6676
440
4098
9717
3396
9493
6587
7327
7306
3495
2303
5813
5643
42
9807
8783
5446
4689
9411
1585
843
9179
953
899
3992
3045
2674
5538
9599
8901
2823
6220
5830
7302
207
9139
9218
6029
3594
5962
3658
7794
7388
1692
6010
9224
4297
8464
5780
2784
1969
5274
4438
9667
81
9211
1113
5671
9868
6065
9792
6877
3881
145
461
317
1786
1956
2033
6
8260
7708
9822
4653
9784
579
8183
6704
9278
7949
9144
2409
1808
7481
3375
151
5122
7137
5050
5458
557
8596
7139
2499
583
2052
7577
9664
1231
3177
4860
417
4620
5187
5529
8416
1997
1415
892
7162
3572
8812
6287
8027
9512
4900
1555
2738
4920
927
7308
6785
4759
1924
7429
273
5564
1880
3832
4980
7735
9499
6569
7011
2026
8613
6321
6895
6352
1919
966
8726
3040
971
7531
1095
1250
6539
1601
6390
6266
3269
7707
8360
2989
5108
9506
9715
6240
9322
4214
4425
9287
4418
3638
1114
7931
1908
5858
512
2974
520
8826
6960
7447
8254
7398
3834
877
9606
105
7126
1286
1536
3082
5145
7533
445
7501
1710
366
8339
8848
8971
1032
9354
4041
2921
2879
6527
1280
2243
967
7490
5834
2492
5653
4986
4971
4656
1062
243
2267
5953
342
9119
7069
6811
4385
6694
6491
4049
5466
5654
7882
1418
8705
6200
4081
3455
7206
6468
2172
4162
9740
4325
2748
1284
3508
7591
1594
4931
2778
9254
2194
2547
2222
6547
2199
2544
6989
6108
3709
7665
117
6383
8795
2835
7873
5366
9504
1103
1371
4397
302
2521
6929
8510
189
701
848
6727
4674
9521
7321
5585
280
1049
590
138
8982
1871
6069
2164
9319
3640
7999
9896
9360
2360
1832
1078
5700
1332
9665
6359
9425
8670
1747
401
7768
8818
8120
7503
5899
5490
3637
2393
6815
8570
6739
9508
9911
4988
4096
2953
8198
3795
301
6818
1146
991
2846
7677
5449
1445
3363
1973
2876
5669
7386
8779
1195
9944
8693
3247
3987
9188
3921
153
4491
2455
5315
2986
8588
492
4135
8235
7725
4500
1642
9541
9471
336
5895
1171
5182
5101
5523
1282
4396
5815
3001
1565
4872
2938
805
6847
298
8763
9459
3370
8154
9823
3094
424
6865
1335
444
911
6898
5603
9367
8472
4329
6144
9913
2048
2693
9802
6137
8881
8837
5887
7860
1251
7939
5272
9724
7138
9352
2652
2501
4515
9084
3237
3086
608
5519
3029
3583
9510
4046
776
7364
5492
8225
3272
9295
1852
3219
1281
9109
7168
5242
6973
7427
3263
2929
9831
7256
6185
9239
5225
4243
6167
6397
6648
9989
4903
5548
4258
6467
7613
7441
3991
933
1448
5998
3013
3789
9718
8718
6871
4735
5209
7687
7526
3765
564
5304
5380
2749
4660
8336
6606
8011
1144
6572
5119
1245
2447
2463
1388
5701
8722
5880
469
3689
1718
4559
7807
6746
6308
3245
8794
9431
7362
3641
9751
984
135
1584
476
7042
411
4497
4575
7877
7272
2068
1243
3674
4145
1048
2897
2387
3610
6306
257
5131
1779
6311
4603
1334
5716
5273
766
9023
7236
5892
6744
6119
4541
2022
774
7557
8890
1759
5917
2924
9592
7572
7221
2407
1568
2059
7079
3412
6838
4870
7140
6466
6945
1862
2121
3365
4196
7908
6037
7589
6001
5368
8246
7006
3787
5285
99
4058
7933
4084
2045
4590
412
5802
954
3666
798
3627
3254
7992
3184
1891
9058
7775
4528
328
471
9090
8961
1632
1658
7852
955
2119
7780
4889
6656
5967
591
813
8142
2218
5939
4358
6206
7985
7103
876
1954
7885
8743
8730
2583
3978
1403
9182
3289
8944
7915
842
4065
7291
8738
1489
7977
8708
3383
4977
1580
5846
7811
2168
4721
1824
9854
7225
4204
9183
9538
565
9404
2190
3865
2249
3726
9536
4121
8393
2663
30
8796
6476
2378
2948
6981
9620
7319
9173
1723
6951
3204
1215
9494
4161
7969
9219
3344
4757
9094
5532
7643
6213
1535
5064
5324
2864
6988
2312
5937
3791
8542
9974
9656
2275
8896
9742
5007
4377
2505
9596
6093
685
8096
5027
258
3367
7847
7051
8625
4825
964
9714
5570
175
8334
9279
49
3206
7415
864
1196
4454
1451
8577
8095
2618
8808
4004
3402
2805
6795
5421
9608
9765
4422
5640
3925
8103
8587
1200
1920
2660
7545
7748
2802
9840
4959
8319
5545
2629
2157
7045
5365
5535
8218
7172
6917
8765
9255
290
2379
7828
3745
9733
6110
2055
8742
9572
5041
9012
8358
8583
8503
5373
6633
4410
6016
1639
8547
2309
6197
5318
1707
197
337
7799
8603
9114
8493
5325
2039
497
4595
7064
7357
7430
4378
7193
7757
993
5026
7238
5472
5480
6639
1218
6964
4725
6115
5552
827
4661
2448
7314
9577
1314
3559
409
656
6698
7789
7739
4553
360
2951
8351
1784
9418
1395
7578
3620
7663
7057
3302
9809
8450
1453
628
6580
7697
7249
7563
9828
5866
6995
9991
600
2780
8409
9706
9796
2020
7699
5826
6931
4604
6735
4683
2950
6241
1099
1224
2255
6088
6868
7984
9617
1683
3678
4747
2633
9164
9987
5250
2105
9496
4936
9096
267
3192
2676
4681
1628
589
6599
988
326
4184
8615
3856
4504
752
659
8098
6879
6462
5199
4099
3114
6786
346
3693
442
2435
9960
9246
6440
1290
8359
2384
862
6706
847
4449
6965
3465
792
1101
4912
8698
6482
4855
6578
4857
8344
5488
8824
2058
2827
6884
7761
9414
6430
8723
1325
1309
3134
327
6942
730
8086
1083
3690
4120
343
4682
9791
9952
9907
8108
5948
9842
4090
8766
501
3427
8284
4655
2751
5507
5644
4585
3642
1432
9026
1252
8163
5557
5341
9772
3120
9078
8559
39
9915
9040
7864
8609
7432
6300
7517
5257
6800
6905
2821
4028
2599
3178
3168
7402
8956
2395
1587
546
5410
8165
3337
1512
4482
3539
901
6443
6543
1414
1316
5451
5672
7161
2577
3509
895
4745
4223
3069
2967
2086
4281
334
9683
4437
8888
4008
4245
3156
1349
2092
2352
8630
695
4063
1045
5178
8658
2562
3441
7764
5357
235
5065
839
3602
8999
316
7887
6400
2981
6317
6338
7826
6609
4939
9318
8576
6472
1079
5467
8075
5128
8582
4892
665
5236
3214
8945
8633
4289
4092
2789
7716
8279
5111
9365
3273
8391
2250
720
6793
667
7599
9247
1586
4010
4057
8378
3800
5032
9502
2036
433
3584
3016
2578
4921
58
3133
5773
6113
9419
8716
5621
5345
1631
1878
413
2901
4830
7012
3216
1178
3047
3411
4395
2774
559
1740
5249
5360
7998
5068
2637
8374
5863
6279
3764
4009
866
5546
3932
1166
6632
3773
2852
8569
2596
4269
6619
5378
359
6559
5404
8495
375
2356
277
6277
521
4126
4821
4275
4648
6763
6082
425
3345
1930
3939
2182
9042
7834
9336
9799
2943
4784
9546
3672
1572
4463
9291
2318
6711
7505
4333
1697
8747
1994
9725
8019
9958
206
9351
3956
6841
6403
5558
1616
2543
3499
8898
4095
2457
7785
8338
437
3484
2069
1948
1073
5528
4166
8148
3562
3996
1502
3050
8752
6275
7678
8431
3033
8814
7551
1212
569
1272
661
4628
9339
6584
8991
7752
7180
8691
6492
7165
8059
1074
4134
1471
5909
9158
6937
9059
194
2906
7543
4129
8928
61
5911
6459
5294
363
4511
5619
1583
3625
9550
8932
7456
3842
1756
3609
4398
5879
2219
5370
8884
6154
7330
5818
2375
6733
4256
6236
5517
5401
1849
4994
6944
4863
7401
1712
5837
7410
9019
5620
3577
8300
2089
884
8440
8607
2708
2995
4776
5631
3447
1038
7712
3362
747
7475
8092
4909
2886
6663
4079
2372
4844
7352
7121
4100
8005
9797
4200
2233
483
3249
4033
8624
2683
1470
8206
1702
2603
6186
7260
7440
1966
9150
270
213
3107
1468
8459
2426
2258
477
2932
6192
741
5219
4460
8931
6581
5487
224
7569
9999
115
6218
9609
3946
2771
8099
7514
9816
3497
3993
1655
6511
7934
6493
5406
1922
4037
879
4811
8051
5009
9209
1372
6221
7021
5719
2526
8599
2237
4213
584
9364
983
3148
4401
5888
5868
3410
9330
7470
6161
113
498
8817
6845
772
4788
6556
8076
6705
7443
8912
7083
102
4694
7148
3659
8414
8727
956
6893
7131
4446
2984
2242
9070
9274
3207
6541
5608
9873
9477
79
7325
6861
2696
7610
6243
1854
6436
6003
9308
2212
4393
1093
4989
34
3119
2628
4032
8668
4115
4773
1096
9202
7776
5259
3828
4658
1116
9408
4847
528
2345
3692
6375
9121
4176
1107
1869
1881
8046
9623
3916
5655
3681
5765
8307
3171
5656
7947
164
1737
1283
8357
777
2097
2813
1797
8684
361
7604
6977
596
8791
1089
5332
7422
5595
7120
5666
5426
1695
7294
7740
3439
3132
9707
4973
9102
1157
1581
681
1782
6165
1664
7178
9861
9741
9177
4107
5806
3511
5093
3998
1802
7909
4514
5748
3353
6653
5961
5440
1841
1042
3115
141
5923
1478
4946
9888
381
5793
5994
9331
9107
5534
3624
1362
8915
5438
4976
8724
9136
3848
7507
5922
6002
7502
1818
4029
6017
5686
2854
9062
4618
8616
1129
696
9420
9770
3541
6478
3982
7405
9736
82
1265
6882
5707
4934
5718
136
1960
8621
272
6202
1518
1490
2102
8682
4005
9004
3191
3146
7134
6565
8771
8325
8867
6801
6623
2710
8641
289
3954
4640
315
3199
5550
2484
9307
937
4715
1921
8008
1233
8282
6714
5984
9132
7333
8661
2040
3371
4899
9566
629
9088
2349
5322
934
8672
1944
2536
3774
8364
17
7587
9187
2608
1412
3031
2348
4703
627
6857
3019
1180
5733
8823
2542
657
9417
1138
8251
6486
1328
4122
8618
3679
1732
3816
1025
9161
2579
191
9934
8531
2464
5416
4294
7951
8950
7273
1523
6445
7228
1752
3836
1730
6825
7529
6752
3070
5885
6282
355
4945
8918
5051
7668
5352
9488
4485
4344
8980
7338
2311
2795
2849
3544
4816
3837
5186
4897
594
7736
2
7516
9547
3314
9530
9997
8993
1354
1803
7310
7497
2489
7737
3528
8955
6034
1298
8389
2110
5405
7263
633
8196
4911
5742
1767
6738
7417
3966
5144
6853
1080
4968
7777
5216
8800
8851
6839
6528
4908
8635
4089
1965
7562
6297
3924
7719
8784
6904
2872
861
3295
8943
6265
7163
1834
4836
5904
1771
4982
6438
885
6545
3240
4502
6382
2133
9047
8612
6790
868
66
3369
2342
5851
7910
7884
9170
3460
41
8356
7590
5958
6597
1925
1276
9908
5106
1287
9643
2162
907
8528
5767
9469
6226
796
9168
6812
896
4719
9811
1663
233
4781
9688
3823
1650
5452
1289
1845
1441
2945
4261
5891
2898
8482
4862
6938
7390
5215
3885
3127
4371
7436
1746
5768
2109
2331
9118
1300
6173
6894
6792
6761
1795
1310
1905
6936
199
4430
3502
5266
1288
7743
2534
6298
9805
4724
5578
457
3952
7369
2389
8232
7487
3771
1556
3401
4181
2892
3720
952
4365
5764
1928
1380
6190
318
5695
2822
9335
3315
4279
121
1443
5074
7513
1611
4303
4866
5859
8383
1917
2367
9697
9581
580
5290
5648
5551
1667
9385
3130
7898
3
6776
5113
3409
9103
4290
8367
1007
2180
4462
7372
8341
2391
9440
8895
6994
7214
2107
2535
3065
1063
6225
36
3633
9272
2416
2811
1202
4814
4031
5756
8003
3084
7948
9621
3919
2193
3587
4568
3418
3538
4723
7891
9716
1540
8456
872
4599
4015
7220
8273
6117
3173
3981
3815
5503
2380
694
5502
5046
7265
3780
1353
1649
7711
5258
1061
9297
5198
4270
7018
6257
8700
1406
7104
234
6454
6930
760
6098
1381
3959
4439
1423
1273
1509
757
3933
897
7462
1258
8519
6683
4221
176
4929
3902
9670
6340
4691
2419
1549
3833
5832
7309
4412
6316
2474
8237
1110
3205
2715
1550
1198
9663
4859
250
889
6664
2302
4415
5785
8490
7755
3718
6139
855
3859
8381
4466
7032
3104
3285
9489
641
5811
2987
3894
785
2564
9442
8170
5326
1219
6195
1776
7381
4884
2757
8471
8299
4783
4019
1937
4766
7435
9281
5714
7324
5218
9985
4699
5079
9924
7835
1026
640
4841
5554
9659
8478
2469
7824
6842
1605
3211
5313
8844
6464
8000
1485
2333
881
4106
9669
7810
7586
6549
1029
975
1296
8756
6788
4286
3700
2208
7176
673
3334
7542
7704
7102
1982
9515
7525
6860
6718
2041
6051
617
1039
1351
9258
1318
2804
4995
9533
1569
9348
6593
6784
7105
9048
9528
1472
7072
8572
5951
6782
396
2722
2642
5816
7601
8677
3972
5262
1613
9571
3844
7394
1088
3440
9369
8468
5280
9537
9993
724
9928
2711
5900
6515
1772
8754
7580
5213
6540
6332
8527
2470
4301
8444
1442
2321
554
908
448
9140
2128
9845
1980
1452
5423
3253
8164
5076
6212
3322
8091
3550
5906
8437
3667
8711
8843
8632
8486
6817
7043
6844
5668
3846
4664
7962
5057
7600
9821
2667
8836
1119
8126
5766
9710
8960
828
4513
6141
2220
6159
8380
2694
4419
9399
4960
1946
3630
7271
9992
4606
215
6021
4230
5085
3929
7059
3552
5805
1227
4307
874
6866
8236
9646
2770
2204
5267
9693
7955
6415
5124
6864
1054
6764
7307
4400
9460
3042
2427
2734
1005
2960
3798
9396
4526
6250
6927
7696
6307
2374
4233
1810
4262
373
4535
3008
4510
2636
3003
9285
3702
5316
5945
3579
857
3825
702
4778
6147
945
4386
516
329
7098
9269
8153
1173
3942
1566
3306
2733
7002
8530
1236
1225
1102
8405
5157
2641
22
4581
8696
5658
6591
2371
6164
5575
1537
6518
5158
2294
8841
6695
505
6357
6343
1952
9864
9252
4711
2383
4761
4617
5865
8746
9165
6926
9257
4832
919
5154
5338
4402
705
1416
1570
6717
7201
7133
6494
4886
8909
8939
7343
1082
4799
9027
6524
7433
2064
1809
9587
8172
804
4984
5772
2151
386
9485
5635
8640
6253
9638
710
690
3596
9028
5376
6875
5282
8893
7233
5541
5123
7425
5020
1492
9953
6634
769
5683
8193
1339
1336
6544
4445
5963
2737
8430
6323
9486
8434
3251
9441
5311
4110
7567
7836
1735
1647
9039
4373
5358
816
5614
129
6833
3436
1901
4104
8536
3022
5331
658
5025
1545
8872
9491
9204
4311
8511
261
5843
3125
372
4549
1459
4225
3581
2844
2373
2290
6451
2857
6690
906
4399
1170
4972
8415
8748
3886
4450
6079
970
5491
2706
8231
491
2874
3694
6330
4771
127
489
2161
109
7252
2640
4927
6381
9402
2314
7633
1491
5350
1957
3488
8455
3575
1507
4137
1194
5263
4202
5115
819
4837
9951
2741
9912
6354
780
1125
1627
2116
2170
4405
5838
6284
6796
1915
802
1836
1267
2825
529
3906
2401
8643
7954
3404
9483
9492
6465
3323
9979
3656
4461
1888
2670
8575
7753
1635
4932
8262
4206
2143
3974
5531
5992
2551
1234
6678
6922
4803
3442
2979
7293
7464
609
6968
9607
3883
3887
7996
6138
951
9125
9236
6594
179
6758
5112
7412
6387
2516
9619
9233
2713
9398
6259
660
9358
4957
9869
5463
2481
2829
3419
1864
5328
4794
4424
9466
4752
8875
9880
6555
6087
5204
6657
246
1606
1926
6129
3279
131
5221
7550
3691
7191
1892
421
1486
2018
4537
1592
6273
4867
1927
2108
2775
8770
2271
4809
5744
8663
116
5399
1108
7602
5087
7904
4306
2080
536
7546
2191
7571
6907
8913
1724
7274
2605
1111
4883
8309
5340
9917
8018
4738
8317
4918
1191
8558
6448
7251
9156
9105
8012
1648
6620
5676
2160
9464
3183
95
2299
6532
674
4607
997
9940
9130
4006
9099
2201
7661
740
8906
4869
340
6398
2560
5217
4255
586
1357
9507
1990
5959
3793
9594
2726
4309
3479
5459
6347
6181
3196
9338
7393
1940
7584
1239
9010
949
5855
525
4650
8041
9384
8097
7868
7185
4496
278
4687
3616
7504
1500
436
466
8252
84
362
1278
107
7196
7078
5035
6479
6674
2656
266
5138
7473
8094
5630
7010
1694
5104
9923
6976
5752
2831
5161
2414
6419
1337
3110
2244
1800
7729
7036
3175
7747
8033
1068
9687
5039
351
9837
6424
3634
6500
7035
1978
4059
4534
9749
3283
8734
8038
2769
8268
4933
1688
2519
9299
8627
759
1736
369
7672
7896
6708
6102
1753
2573
4654
4413
4592
8927
4044
2619
4608
4114
7287
9474
6855
844
7573
5623
4293
6210
987
4672
6777
3615
2163
1480
7391
1203
2335
4011
8986
1175
6429
3286
2252
6689
8606
8352
7262
7211
9271
3944
6026
4851
1455
6628
7879
5109
4519
5192
5485
2699
7278
5230
4193
3853
6077
996
1003
5475
6553
5139
4283
7861
5456
3645
3945
6696
9509
282
2472
4792
5044
7001
3571
9737
8234
2991
7650
811
5226
3729
3106
3141
2124
293
1253
8398
7618
7117
595
6715
8396
6204
8699
2002
3904
6975
9152
3737
4955
9881
932
1374
1147
6781
6104
731
1612
1409
8877
227
8813
6011
1816
8327
5088
647
8294
1216
6385
9891
4296
9511
2235
4151
9898
6498
2226
324
9024
5162
134
5078
8790
9662
1498
8921
9660
4619
8965
9080
1496
3593
5693
9008
6720
7709
5613
2679
4966
2366
7127
1923
604
3697
5680
8228
6517
6112
3100
5661
4690
4501
9897
5893
7784
6070
3622
1279
6573
3864
3043
300
7842
5248
9104
3937
1481
6579
8930
1597
5589
1488
3085
8988
8313
6728
5277
1760
2881
8822
1653
4720
3650
6209
8488
3951
7989
718
773
5946
229
9780
615
8880
5617
1811
8062
7763
891
7952
9650
8006
8755
7431
9939
1363
321
838
6235
758
6481
2709
2655
3446
5100
4806
2229
4961
1589
739
1626
2538
4187
1214
1815
4018
1979
6182
4069
5771
7471
7790
8653
8312
4615
3760
5034
3790
7460
7494
7519
8446
8278
370
2007
2446
5732
2598
1197
3604
1986
6721
3817
1051
6684
9323
7508
5160
2992
4842
6333
1429
1268
5252
9198
447
1964
2502
7030
7128
8454
7312
761
4323
1929
2142
7367
6712
8962
5448
9162
1848
4254
6269
9353
8089
8834
2692
4645
7467
1516
8793
9568
5518
992
2509
2056
1899
5381
5722
566
1533
2231
5056
5402
4630
1456
6054
3858
9229
9186
5308
8636
9203
1002
9407
870
1320
388
4014
4072
6542
5647
7649
4868
4456
8337
5203
8384
1873
8762
8100
1186
4282
3560
6227
5626
2990
2610
2043
2830
2513
3166
2781
4317
2011
7328
2169
6771
308
5688
5925
2155
9321
7988
9038
3469
2388
1399
217
6719
3685
6045
7091
3983
1801
4586
103
4427
9235
8970
4265
4947
5016
5349
6180
1461
3221
4175
4000
2568
7654
8664
3307
1900
4199
775
7961
7227
4828
5175
4516
5450
5125
6535
14
1307
9653
2630
1726
8138
9221
1139
9075
7276
2100
9478
574
6725
1484
4507
4105
9887
6177
6918
8561
3735
8489
680
1303
9785
4123
6407
1254
4823
1621
26
6361
7832
2202
5174
3304
7528
3210
6546
6376
4194
9872
9920
7970
7203
5077
3639
3513
7935
3673
4999
8013
2120
5791
9005
9482
8887
6483
7854
8560
4493
5997
2257
1910
4108
1851
8902
2415
2144
6760
8498
8604
1758
9598
4666
8769
4753
6046
4146
6490
2571
746
5725
7013
1156
2176
5685
5430
8499
3812
374
1634
6496
6582
4744
6058
4026
9995
2450
4481
7197
3424
4056
8014
3355
3112
4722
5599
7700
7486
7714
1751
2485
2316
7213
1043
8180
644
7946
6369
38
900
1141
616
9282
5896
3452
3515
544
4338
4127
5086
4577
4260
4750
7073
4573
3523
4
9131
824
8443
735
931
3309
6325
5289
5852
1541
9210
9812
5839
2282
6571
8806
5520
1238
7965
6074
6783
6239
9452
2286
4165
5317
6411
2150
5684
1017
5270
7886
3416
8031
9771
5435
112
2178
2132
5461
44
8140
7888
3662
4356
2725
6880
6434
6281
9862
3543
8204
6647
3785
2966
7207
3058
6819
78
4077
3300
8892
1775
4624
7632
6188
3963
333
5836
6557
1546
3067
1169
8322
7647
3647
5807
962
4374
7798
295
1985
460
150
249
221
9984
8255
281
7919
3144
1778
6346
3139
5243
5982
468
2473
3083
3619
6520
779
7348
3591
5943
3796
3491
7925
8043
8639
2591
3995
1149
7937
5240
637
3534
6740
3399
1405
1734
8987
6187
2003
5336
1422
1076
3010
5980
6271
2939
9033
8071
3635
7119
2552
3719
6172
6688
9935
8249
4760
576
5884
5696
5561
8227
3244
2434
7597
2466
9637
7351
5303
8331
6636
8819
1346
9885
2582
8449
4705
5038
2512
2296
5678
6368
3332
490
6990
3657
9064
6158
7408
8946
6652
1741
5883
2988
4360
9779
5223
4428
8085
494
5509
9626
3754
50
6127
6768
9671
9074
7631
6014
5498
8964
5080
7892
6885
4659
7759
8855
3548
9206
6276
3163
4748
1159
5877
2443
7267
4843
2867
9457
126
6488
7454
5195
3425
9531
4563
7521
6145
669
7151
4060
1341
5279
1725
7066
8199
2983
390
9293
5510
6344
5334
397
4334
5159
5233
6461
5579
1262
1065
7812
2931
7365
6176
8919
8045
4266
5516
7987
5698
4394
4818
4978
1959
7374
3882
5809
8540
8286
1525
1793
9790
9562
4527
1494
3414
8866
7603
323
3682
6985
4728
5952
2368
5002
547
8787
6682
3684
6320
7204
2459
251
193
6992
2812
5188
5372
7112
3426
1104
8948
7300
9117
3020
1743
3940
2712
7813
9686
119
7143
5099
6228
3677
8514
3354
9931
7170
852
2152
7575
8937
1608
7795
6662
3766
7317
3809
5650
9108
577
9029
7821
7671
509
104
162
6035
8111
1567
3792
9919
882
9852
3098
4343
9759
5757
4407
3668
3162
5652
6641
4353
40
8056
4464
3267
6433
248
7506
6872
6379
5164
184
5632
998
7706
2933
5442
915
5152
1840
7830
9031
2522
2937
64
2454
5524
9777
80
9762
9205
9490
3006
2765
2014
1773
3080
9356
1375
8942
350
387
8221
1513
8549
9390
2824
2545
6136
3021
1266
7187
4170
3731
8178
5393
8213
9275
1027
3377
93
2037
9748
836
9458
3102
149
3457
3341
1493
3521
2659
5036
4361
1787
8644
418
4676
2965
5255
4582
3408
5155
4943
5940
9514
5033
2855
2976
2087
7950
4253
2494
5886
2012
8323
414
7458
9326
832
7645
1691
3382
3592
8288
5305
5321
7465
4554
5562
3329
3311
92
5351
4346
9245
9461
137
4039
377
422
2904
8553
5228
9454
9557
982
5163
8452
91
9389
6166
3701
1087
5008
2412
709
8080
8028
7900
365
9166
9435
6152
5103
6355
8264
5760
2860
8714
2537
219
1052
3713
4632
2006
2530
8182
7518
1477
4183
539
672
6006
5625
6053
9867
5969
1670
2277
2103
6007
5646
7205
6969
9719
8394
1637
5991
9788
9681
8134
4492
9819
325
6396
6109
7534
1373
2566
3708
260
1603
4923
9773
9197
7146
6654
3752
9044
3041
963
3554
7866
6393
8868
3121
6121
5194
9625
3117
9394
7195
6005
2439
3877
597
7890
9439
7219
4169
2343
1527
2156
3400
1972
5521
7282
1835
1657
6142
7428
1090
8057
4730
2707
7559
8521
7606
4248
2745
3190
1055
2261
6908
391
2817
4234
2272
8619
941
2920
2570
5247
9086
630
1140
3035
737
9761
1633
7392
331
3893
2563
5847
6881
1826
7674
1551
6477
1651
820
3840
8243
7901
7539
8048
8470
3281
8158
2964
6349
7614
2691
5018
753
6370
5330
7081
1511
8
2527
9629
5388
2941
6489
8935
3979
6805
4086
5063
2486
6876
2376
6949
958
2453
208
4567
4637
7927
2016
756
5292
67
3101
957
3288
7839
1295
2070
5413
8538
7132
7972
7034
7664
6638
3784
7031
7424
8230
2878
4052
1358
4192
4404
3301
7383
4992
5283
3037
1188
7579
1769
4197
2013
2451
2487
5966
6471
6802
2346
6062
4669
4083
4434
9463
3421
9444
1524
9930
2908
4754
478
3617
1208
4680
6523
3385
6570
482
4053
2281
2890
4709
9172
9582
9874
4530
5867
4140
4158
9720
3349
4237
7409
3804
793
3456
8842
636
5590
5586
9249
9232
7560
2280
5414
4684
3297
3235
195
8686
9555
854
7500
9312
4543
4697
3903
2862
968
3670
8266
48
379
3444
7922
9304
5975
9368
6519
5479
2084
6409
950
7027
4448
6294
632
2408
6679
8744
430
2927
6586
938
7816
6189
4322
7899
275
642
3646
1636
8040
125
384
1630
9618
3957
5618
7022
3128
9066
8911
6214
4156
2334
9955
4557
9479
7495
8036
6730
3614
2173
6322
8241
8276
2792
8145
5731
88
1748
2597
6313
8082
2308
3851
5471
5314
3985
8894
6315
2077
309
8507
2647
3432
6289
1132
8330
5464
6702
1356
699
537
9196
6015
2398
721
7726
5253
8168
1558
8457
6251
514
9426
4657
5180
5659
1739
4117
1260
1367
3895
4983
9283
5176
8595
6966
5348
7258
5796
5702
7646
9175
3989
8802
9430
4036
6470
2248
8789
1889
7658
3648
2076
2695
3875
6303
231
9207
5335
6244
8079
8156
7944
6068
3282
2115
4417
8063
540
9614
1327
6036
8878
6020
9727
8283
7638
4858
3920
7461
5607
4172
1226
3871
1698
2589
9967
1614
7248
357
7218
6063
6566
5102
9138
9184
178
5783
3936
3845
3233
4357
2330
3892
3510
5905
4444
5061
9730
7960
8174
6536
9901
8979
2687
4030
3953
481
4315
4566
8115
7694
1190
1662
7277
4364
4679
8420
8121
8207
3227
3580
5436
1675
1404
9569
3261
3786
2742
5260
8966
2295
6923
9017
8757
3915
6577
23
3755
108
4953
8130
9256
111
7855
7801
9226
8024
1466
4389
3794
9559
6162
1333
465
3213
6919
9290
4612
8259
8703
4737
8767
6602
8467
9212
3586
6201
3723
5972
5190
5501
9612
5396
8433
2754
2815
8739
8815
2262
5622
5874
2721
8401
8485
473
1134
9357
1666
6304
6363
6105
1875
875
5540
1315
9085
6399
9437
3725
4239
7313
8997
24
5913
2402
2810
4997
7485
3744
9436
4016
3686
1839
6899
2624
5391
9950
7820
9110
3392
6449
5053
2458
8077
2047
6043
4710
90
9943
322
7659
4696
1064
6561
5970
5047
7870
6787
6219
9910
9113
6083
2165
1425
1386
8850
9739
4622
3149
1825
427
204
2788
358
3174
7457
7641
4769
2590
7823
1970
8900
9673
8568
7682
8422
7825
1257
5592
1858
8132
8947
6621
7288
1788
3949
382
6418
5956
7349
1184
4965
6217
7046
1602
5429
7353
5010
5973
3189
8535
929
4767
7469
6101
6262
3863
4905
8226
9116
7266
3198
5397
7315
60
2001
2680
5792
4591
9774
6834
4071
563
3889
4045
4503
3208
1906
9929
7728
8302
4387
3158
8820
6756
1885
6394
3651
6059
499
7224
7455
504
6780
378
9750
3004
6345
7993
8589
3777
6897
8959
4375
7538
7963
464
4652
6516
4996
6548
7379
904
9787
100
9602
5774
3980
2098
4520
4076
7449
8107
3014
5473
7848
5486
9081
7941
2524
230
6080
9983
7510
6552
4636
8862
9006
1693
5268
2205
1822
7923
4594
4885
6852
8874
7466
5256
5682
6231
1006
2581
8392
2819
6374
9746
2154
6958
4864
8068
6084
2241
7067
8257
1444
8149
5059
4810
2625
1742
1837
5251
1528
620
2649
755
4749
7123
3062
6533
6312
6921
8473
2420
5930
5776
7857
7188
2873
634
8395
8458
3503
2632
965
4038
9709
1067
4820
4611
3728
4772
1983
9302
2322
3913
9016
7765
8475
7052
3663
7527
1047
6888
614
5019
6859
2260
1137
7496
2279
7446
4228
6126
5821
750
5673
9684
8938
6350
5212
2975
2703
9146
1131
8833
2125
7445
8539
3443
4987
2005
3876
2834
610
8781
4791
714
3595
2875
9313
1434
5814
2400
8578
8941
3290
9630
9882
1153
7289
368
2082
9565
3654
7090
2604
1992
3103
3052
6242
7101
6650
6432
815
6456
9702
1950
3312
2922
4904
5827
4964
9542
7585
4178
8608
1687
7523
7556
1400
4150
2285
2911
4480
9022
5987
2315
9892
6039
4093
2126
2187
455
3264
9747
182
2240
3246
5527
4272
687
5224
871
7913
6442
1270
4440
4609
981
4268
6743
4638
1304
8598
650
2517
7598
2868
8976
6723
6143
1271
2762
1530
6085
2645
6550
7574
4777
3185
9682
9154
305
7230
4881
2837
8477
763
4796
8788
9071
344
9722
4113
4588
7380
9860
1070
3721
306
3034
9679
1130
7290
9220
8736
453
2441
7335
1573
297
10000
4191
3153
9866
7536
6613
5096
7684
1618
6983
8371
2600
9972
7421
6624
4948
840
7770
3226
3782
5580
1
605
6406
1142
4551
2239
7060
9341
2114
4950
573
4561
8137
9696
4154
3803
5935
1206
4598
7173
3847
7029
4793
6232
2756
1656
8250
2666
3075
4974
3941
972
7017
5715
158
2417
7524
7547
4706
7477
5385
4478
6128
5857
1261
9344
682
684
9610
3807
6574
7681
6246
5286
5941
3066
1359
4523
4061
5717
5974
6669
8390
1521
9833
2079
4574
3977
8719
3649
4839
2956
3873
3262
8004
5359
2214
6194
7041
5985
4602
3749
873
4468
8127
9576
2601
2963
5769
719
1645
6064
2634
9151
3801
1654
8925
8996
9073
2626
534
7628
3390
9586
9633
7509
5515
7680
7611
9516
8418
4969
3533
986
8400
8397
5633
3313
85
3072
9049
8923
8648
3097
4159
4218
6710
7607
9169
8157
9863
754
7596
500
7688
1168
6072
6731
3187
8543
4459
2104
7058
1547
2209
833
1508
2410
6762
9970
9545
3706
1249
5237
7660
1504
4359
918
4179
4693
5601
2858
5015
9645
3453
7270
3268
389
4512
1998
3395
5005
8520
5729
4342
8646
8886
4136
4231
8347
9990
5214
4328
2673
6693
4003
9076
2714
8634
3547
3688
6991
472
2957
6416
5011
7044
2207
4367
1222
6934
6457
6661
7637
2720
2313
2317
9794
4222
7416
8316
8370
4180
2118
835
1343
8210
2475
2776
2024
3366
2385
5339
2167
2841
8144
9763
7723
1344
5323
8118
3064
1201
9230
1543
1274
5596
5495
6677
771
1244
9631
8010
2870
8715
2503
485
9036
9397
727
3506
4817
2085
3905
7756
748
5355
645
5417
2355
1708
3732
6933
9433
7751
8185
2820
6207
2358
3200
7727
794
8500
8128
9063
6296
9814
7054
5903
1967
8811
2211
9889
2197
1396
8324
8074
3644
8426
9467
5042
9906
1479
5778
6568
8914
3772
37
3056
367
4238
9372
3005
5808
5433
7720
4217
1717
5200
1749
6473
8030
2826
8687
5269
3900
9362
254
6018
123
7731
9849
7655
7124
6146
3490
2306
9701
4388
8037
1807
2390
9098
5241
5947
1831
9106
6707
4171
3605
6389
909
3775
1008
2403
1151
7581
3852
86
7242
4505
5320
2588
7561
1401
8432
3317
8721
2278
3327
9769
9798
5965
8022
7056
3664
7071
5117
2528
1192
1559
7305
678
7906
7974
9835
8891
6911
1301
5745
8161
618
2129
3220
3911
706
9675
8175
1014
241
8590
8269
9153
2353
6111
3751
700
2468
4276
1991
8333
5403
1673
6534
812
3054
5097
3025
581
9921
6301
4305
5296
1574
2773
5918
1599
6446
5089
7403
4893
6249
9280
1529
8469
5499
5936
1763
3975
2518
6615
3462
4940
7341
3918
3948
8517
3890
4861
9826
493
9250
7769
6178
1532
4116
4639
3320
9942
3761
394
9743
9260
5649
6423
9193
2954
9013
7522
736
9914
1863
4423
9529
703
5045
6736
4252
7237
2669
1949
1931
2136
8546
551
7323
1981
5004
6156
3087
2994
6956
73
4786
6748
1679
2761
5506
352
3036
1046
2797
9087
1123
6120
5329
1596
2685
2365
1622
7108
3715
4621
4641
571
177
3738
5172
765
1705
3228
3643
313
9957
6503
9051
4629
2196
1313
6455
4614
7063
1428
7376
6878
2034
1629
3438
6404
2910
6336
6980
2065
5537
6912
2514
1211
6952
294
1830
9300
7450
1382
5926
5514
8516
8798
4930
2621
1576
3519
4812
5751
5312
3218
4471
675
734
2743
8285
4916
1865
5
1706
6256
8385
4819
9409
4148
5118
8253
6617
3578
9858
2283
5565
3032
1501
8155
6835
9757
4952
887
6331
1072
3151
7912
8388
9373
5342
5146
9325
1263
9561
3576
7814
3878
1204
398
3157
3359
9346
7722
5831
9428
4040
1774
8637
166
7615
3498
8487
1034
5954
72
8058
2688
3758
6562
172
4232
1680
7608
598
8081
9634
517
6437
4284
6268
2833
3660
582
4536
4914
6691
188
3445
3532
7028
8513
9400
8354
345
2060
5398
4054
883
8662
9120
6925
6774
2785
1731
7366
4556
5553
8777
8419
7994
3088
5845
4259
4739
3335
5591
19
6295
744
1620
2337
8885
1311
2381
2900
5882
3388
1971
8713
4082
1009
7280
4414
1821
8009
9178
606
9857
6660
6426
5022
1392
5387
9579
1420
8803
2903
3116
2617
3364
8889
7565
3057
8287
9548
8424
3471
6280
168
1615
9296
5150
9904
2206
8865
691
541
5660
939
2614
6302
6040
5090
8291
7109
4024
7247
7135
1237
1770
2584
128
7808
3372
1419
8349
787
2495
4319
8741
68
4732
12
3746
1665
7279
4560
5278
8001
7897
9613
7476
3027
4891
2224
393
7796
3352
8601
5730
799
3999
4580
2300
9481
3955
5364
496
7588
946
2814
5288
4002
4101
902
6263
3636
4064
3095
3707
8737
7651
4756
1413
8214
6642
8555
441
9190
285
7920
2620
3230
9927
2546
6939
3096
7005
4467
3943
611
6612
5978
3478
3398
304
1305
2766
7318
8032
8123
8707
9735
1035
8689
228
3135
4524
4762
7793
2253
3824
1408
803
1617
6687
7544
994
4109
487
9549
806
186
6747
4558
7733
713
7616
5169
2847
4210
8688
1127
6254
6595
1277
9423
781
7626
3071
6510
7675
7088
8654
5740
2972
3665
5657
3960
6732
9947
9045
3778
3493
3514
7841
3397
6191
4411
376
8552
3958
9429
5573
4208
4229
9870
2031
1044
4542
9962
4067
9343
320
2689
6371
7936
4949
2017
9273
3849
5875
2859
6019
649
3971
7003
8831
8515
9035
4822
1012
480
3923
670
9009
6932
751
3874
475
4829
1882
3855
5384
4785
894
9632
511
9838
9732
4686
3618
3131
9163
5337
8983
5392
2767
5710
5389
7968
3653
7384
3743
4209
5058
3961
8732
7750
789
7881
5746
6499
3278
1520
4937
6008
9363
5600
9200
1761
4879
8863
831
5170
1152
7730
8447
3000
6097
210
1462
4942
5135
5165
7635
3680
3551
256
4910
2798
7549
6916
6962
7281
6184
205
6168
4349
8518
6179
7239
9590
8054
4876
2728
2643
5804
7253
5505
216
8995
255
2838
4975
3215
2326
5333
4601
6060
8106
2998
7459
1659
4688
4337
7389
7703
5999
3252
9309
9451
4564
9133
3154
2533
1755
7802
5072
6554
5738
920
2386
7156
1879
807
8133
2661
7209
6742
7048
6883
2764
416
1660
5977
506
1217
5960
6590
503
1868
6290
4716
8109
8002
2228
6401
7488
2719
5071
9237
1383
7116
3346
9421
9395
4215
3324
6131
5428
4085
4320
8984
3053
3381
1996
1402
9381
8780
2433
2996
1342
1210
3129
8544
3597
276
2498
5741
800
8209
7115
5522
1421
8026
1370
8220
6737
2752
6513
5691
7967
5434
6318
5916
5881
5914
4247
7493
6274
9101
262
4663
4895
6337
9753
4130
5921
1814
9020
8093
7007
4963
2096
2973
6583
1553
5712
9159
6803
5043
4779
3512
3368
9708
70
8311
7155
7100
1081
5795
3241
9034
364
7843
9941
9703
6655
2442
863
587
7809
2307
572
3292
3810
886
2413
8647
4852
6216
7158
5508
4164
5134
5156
867
8973
3126
2483
1326
8072
4273
1431
3553
3122
5968
5092
8994
6388
9289
1447
5890
4152
8069
2338
8529
542
8697
9383
8090
3176
237
7630
7691
7713
9057
9996
9448
5938
7532
2293
1010
7298
7255
9060
7622
1598
353
5990
120
3805
2777
5291
4531
4981
5306
5612
2061
310
926
6258
486
8678
25
3164
745
263
4203
5232
1907
2718
6914
7
6094
9498
9731
6950
921
8402
5598
2341
8348
8296
7257
5645
5665
2340
683
5137
7592
8835
8652
6314
9355
3258
5261
788
7657
7787
7670
7964
1221
5544
7479
4758
9100
9804
1361
8399
4139
2902
4698
7232
8810
4147
9263
1185
7179
7512
2461
463
5460
3222
3243
2158
8052
1022
3763
2369
809
4475
6427
3762
8461
4020
6998
4807
3589
9382
6978
4782
3316
7015
9756
5193
8016
7482
9248
3225
2606
8600
940
7157
5979
4726
1860
2585
7241
2612
5749
3464
5227
6537
6174
1538
1842
9649
8263
4546
8631
8674
4173
3897
8876
3813
8190
3557
4740
4578
9014
5709
3854
8104
8205
6422
5604
7788
152
6252
8972
9964
4182
9137
16
8292
6196
6987
9778
593
7322
7491
9639
6808
3797
6640
3195
9472
9061
9316
5735
8614
697
8321
8807
1668
631
4043
2266
2658
9721
5869
6616
6487
3459
2297
7624
4330
9946
5901
7160
3030
1497
8150
9340
6091
3380
8169
1059
4770
7738
7082
6329
6538
4587
5708
6288
8136
9522
8306
4476
4877
2930
9526
4452
9589
5129
4347
7189
7844
2559
3477
9167
9890
9905
6278
3318
9513
9223
4490
5091
1638
1898
8320
232
33
7106
4131
8129
452
35
969
8861
2602
8903
4142
1955
5470
5441
2344
2251
2891
9782
428
8869
7540
2936
1379
29
2215
6986
5234
8261
914
3406
1446
9726
3531
419
9525
9007
7806
1720
2476
4088
9856
7154
9818
1482
1765
859
7107
1641
7194
916
432
2888
8605
5424
5873
6726
2424
1387
2883
9644
2828
140
6076
1951
4850
9359
3350
8853
7223
5957
8673
5062
3710
9689
6245
5934
1167
5302
6935
8248
1069
7926
5856
2184
5833
9306
2978
4692
2192
9695
5231
5037
3105
4017
8564
2091
6596
8113
4925
2493
7164
9678
6118
265
7375
6822
1172
3820
7552
6575
2179
4023
6208
8340
21
7803
3907
9616
4547
3250
4635
2236
822
2818
5120
2422
4901
8117
7244
3891
3938
5919
9134
7113
5761
853
5920
5539
726
9231
9573
8854
2845
7118
7520
2153
2223
4073
6013
7953
959
7883
5382
4174
18
3170
8216
9401
7150
2657
3734
9959
8110
1812
1056
8728
6099
8274
8087
8171
9895
9011
7973
9776
1934
163
6071
2923
6090
2101
858
9243
2853
3038
7595
625
8366
7858
3386
8202
9830
52
6030
8258
8916
9189
1368
2759
2075
7171
2654
8067
5309
4363
1857
7190
4249
9622
4035
3325
3814
6480
6360
7283
1672
5049
9264
429
7800
7396
2347
9413
845
2246
8219
2531
7000
4596
3319
1360
3276
4668
8245
9758
1733
43
2896
3373
5166
5803
1071
4457
9386
8192
5687
9980
531
2724
271
8551
339
484
9691
7326
3819
3023
56
4119
8933
3147
2074
8436
2135
8509
3536
2093
159
2497
7346
9332
5770
5699
6759
2576
6850
9141
5489
8910
8537
8270
7254
1023
1164
5374
7625
8460
3076
7746
8047
3051
7669
943
6601
4195
2753
9366
8926
3839
8362
1643
7055
4600
1161
4882
9711
4477
2541
7894
6996
7295
9069
7620
8112
3569
2877
9487
4292
4435
2565
3473
3564
1593
7980
5629
3759
2916
5445
307
5327
9079
4517
6408
6954
2210
9262
6972
3259
3922
7212
2644
8659
4370
865
9824
1962
2885
1838
5723
6887
1376
1938
6961
5151
825
4366
3542
1033
7297
5594
3546
5001
9208
2377
4149
6452
5362
9553
1942
240
2690
8840
3806
9406
6614
9902
8305
5566
1331
8451
5196
9067
2320
7558
3608
9520
9455
9875
2580
6495
5976
6910
1228
451
3181
4854
5177
5028
6293
1690
1165
960
3742
6607
9155
3223
3074
7311
6057
2569
3294
3489
8039
7039
8265
8417
9806
9347
722
4335
9201
96
6629
9655
4251
8534
8671
3420
9143
3415
8523
8494
7594
4409
8502
9018
3910
2480
3470
8620
3160
2768
5167
9149
5411
5639
7745
4185
7439
76
2027
3073
2729
157
7420
8845
1128
1259
1115
6643
6576
3601
7419
3611
1098
3238
6779
2478
9160
3152
7355
8883
2327
2438
2997
3866
7515
9841
8491
7086
7705
1024
7851
6047
1030
7130
6175
8304
218
2185
8563
7741
4352
2221
7068
4597
8314
8825
974
4733
5986
1941
9001
3136
9388
5559
4112
9253
1519
4831
3671
6778
9234
3481
8224
4295
3384
9808
1330
9377
8642
7184
9370
439
4894
4304
1757
7537
5971
5052
5245
9213
3831
1791
7080
2467
8177
655
6353
7329
1750
2622
2952
6198
5513
5189
5107
1230
2510
2650
4801
6061
7382
8838
4369
5271
3113
4062
2227
9968
2362
1118
3850
2675
8557
6564
7075
9147
1817
4643
319
6896
5915
9744
9971
9349
1876
2671
8372
1916
1100
6050
2323
8828
9851
3698
4727
6122
7612
5611
1671
3872
4717
3555
147
7358
7530
6458
6773
9588
3044
9975
8586
2329
6750
6798
4763
8181
3059
5379
5690
6870
2270
1269
4708
3336
707
2949
4700
9128
9966
1866
6412
9082
8438
8297
9123
3926
561
6305
9605
8369
200
6203
8597
2090
1160
347
2736
9922
7555
8665
2256
8683
8101
5624
716
3333
2050
2928
7548
9532
4436
3231
3331
2540
4627
6267
4539
1762
9540
9041
2698
810
3081
9883
1624
9981
6701
6100
7742
3909
4066
8474
7872
7867
4368
4070
6703
5400
2350
3009
8290
4157
8649
6272
4743
2915
1109
101
7301
976
3696
9810
1993
9578
31
575
1391
6608
9677
7147
7862
7701
1424
6261
821
2682
2763
2609
3248
3449
4755
9375
1738
8363
1681
3271
5902
6380
1117
2739
8061
635
9848
8949
7627
9723
2962
6270
3826
2702
7144
6913
5006
1136
1961
4458
4075
7583
7918
2146
653
1503
6041
4538
8200
2444
3568
8088
1460
7880
8222
3393
9473
6947
3461
1912
1066
4470
106
8846
8462
8859
5950
4701
9558
8702
6501
9002
5820
5908
1246
4124
6025
6234
3255
9267
122
4068
2175
5205
7245
3517
7243
2684
9597
2947
5444
5932
5739
6151
4241
6386
4465
173
2556
3561
795
6032
4695
7122
211
515
2716
9832
7702
87
9878
7240
7411
2639
5675
8656
4138
6716
2268
3343
2259
8628
9899
7053
4562
6505
167
9194
4274
4584
9412
3046
6009
9446
3303
6941
1604
7938
3727
7142
3781
7905
4189
3631
5067
2555
7169
3629
5533
311
190
9443
2025
5692
1378
6417
9648
6508
7339
7114
8905
543
7782
7863
1439
6125
8139
626
8343
8355
6940
2727
3374
7026
5530
4027
9068
2117
5295
1870
6450
7303
4838
1884
8505
9982
6414
3525
3496
9846
599
1833
4155
7982
8271
2009
371
2561
5462
3934
4634
5894
2755
3291
77
1571
1768
1552
518
4849
7009
3280
7004
2587
8729
8272
9976
3628
2287
3256
1610
8593
3540
903
947
688
5469
6044
524
8720
2471
2539
6775
2181
2616
5871
2174
3077
6622
8778
9694
9043
2319
7698
8776
1329
7754
8731
2301
9705
1886
1352
2230
5298
3504
2969
1829
3712
5753
4392
3265
6821
8368
5127
1988
5861
8740
10
7648
2615
9
8293
8060
8267
8479
274
9191
8929
5455
762
6637
6826
8483
2506
7639
1887
6428
905
5638
3026
4742
4768
1674
7463
9534
8541
5615
2942
4824
1105
5790
54
985
7734
8611
9628
7404
5781
8526
4625
6075
1514
8899
8119
5003
1449
435
7593
7924
6356
2758
2586
6526
7484
4856
6971
2203
6233
7762
3724
6767
392
7683
9685
8856
4431
1495
9948
5705
5183
9584
9240
9392
1974
1148
8990
3600
6906
2926
1077
689
8375
1590
5825
5420
6310
1727
7609
6769
8680
6974
9095
4205
9174
9556
6224
7387
846
1126
6567
5024
8403
6659
2553
7878
202
124
6237
474
9969
8197
9956
3483
2269
4472
5711
2062
5964
3413
9815
174
6420
978
8805
4153
1220
601
2574
4240
1182
6869
2884
2357
8710
3468
144
9945
402
1686
8055
9820
8758
6982
3140
4012
7354
8773
7916
6820
7023
403
4919
8034
9583
1560
4021
9552
7914
7065
4944
1348
9447
6067
4522
5988
9554
3239
8759
6699
5066
3342
5782
1820
2292
3896
562
3962
3018
4379
3590
4774
4790
220
8565
4928
1112
4118
9192
118
7448
558
4570
5142
5017
7331
2899
5014
3612
4382
3768
9054
6846
3570
5048
7231
9091
3017
2558
4143
513
5465
3769
7566
5850
74
5369
4022
5447
1124
8275
6955
9241
2968
1554
3012
4348
6485
3394
1426
1987
7478
2010
7797
6155
8645
7397
2934
8453
7334
6920
1505
3092
7564
8571
7399
9954
2078
1689
4954
9764
1213
8832
2404
4649
6123
8797
7062
6953
1728
209
3182
552
8963
2328
603
59
1861
4565
8083
8676
4506
4300
6666
9519
2432
9728
7991
6052
8804
8442
8774
4443
2935
4610
1350
666
7846
5549
9497
2723
1895
4007
5726
4576
1777
9284
4525
732
4285
9350
6681
925
5876
6502
3927
9199
7342
679
4310
9405
6283
1696
1534
1240
2836
4898
6351
3450
6444
8629
7235
2557
8070
4447
6291
6031
3838
4731
5082
5593
5694
7833
6851
1143
2779
299
8920
9030
180
9266
5878
7149
2057
7903
6205
5512
2635
2397
1321
5798
4865
5094
8184
5181
4729
3201
4544
9311
7070
7971
6229
9259
1338
9936
1711
8143
5944
8439
3357
1517
6365
7451
3454
5728
2651
6299
7732
2198
5386
5989
3467
1121
6012
28
7865
9879
9523
6997
1582
7689
5582
3296
5284
5864
2183
155
2035
5105
4091
7617
3167
9658
1086
5641
2477
7472
7749
6048
5297
3822
5993
8114
2523
3632
6171
5762
5819
6157
8751
7956
4163
5779
4177
5307
2520
4097
4917
5477
6170
9624
45
1522
3305
3549
6630
5222
1435
449
7942
1579
553
3964
8408
6909
8244
663
4160
404
4815
6460
6807
356
2554
5493
2021
4765
3869
4055
6150
1163
3857
8053
5347
9480
2832
4589
4321
6402
7783
4734
3699
7480
253
7084
5737
3703
467
3841
2840
5207
4103
2177
8373
7453
1936
7553
4198
4486
3340
1557
9456
6862
3480
2744
5418
3391
8423
7217
4808
1539
592
8412
1903
6680
9217
4714
2946
7940
8591
4787
4746
3747
3486
2887
5602
6107
654
860
2918
6672
3431
6391
1019
648
1561
588
5981
4798
6631
4644
3138
5543
5928
7474
4314
9294
9829
1187
3740
2665
4302
3224
3507
7856
530
7210
1677
5130
2364
2217
526
27
5983
9544
3274
7921
9142
4874
4186
7095
4804
7986
5689
3358
3613
6734
3802
8786
3407
2081
7636
6610
3717
9050
2731
5511
6603
2030
4408
2216
878
1433
8223
4704
9600
8215
3930
1945
8657
6874
4902
8021
8712
3567
2959
8147
2567
4050
6665
1709
4979
8626
8131
664
3661
9692
269
888
291
3783
8404
3830
8329
712
2361
5184
9925
8429
2456
9563
6867
63
6558
9604
6722
5415
8764
4890
242
622
9825
5704
9032
385
5800
5083
9640
1855
6751
8445
9380
2273
3202
8496
5394
3277
708
9391
8413
3912
5168
9567
676
2662
9129
1248
2664
3607
7166
7902
2139
4907
8508
570
7186
1722
1013
7350
6765
4264
5021
8247
2595
5929
8448
1754
5912
2801
169
5697
4662
5235
7261
4340
2148
8382
7452
4926
8122
3529
9345
550
9122
5265
6993
3862
8195
8554
3485
3270
9539
9127
1463
7033
2288
7690
6512
2790
5356
2072
8821
6692
1515
3145
1766
349
3298
7717
7693
1364
3463
4051
2999
6285
6222
7356
8332
4495
3861
923
5468
4613
9712
5679
139
2977
9760
2488
8579
9148
223
9334
1661
3039
3835
6984
936
7444
4391
2732
4833
8497
4941
4224
458
2730
9865
4887
3360
3914
7895
5179
507
693
7175
6066
4355
3123
4845
7215
7370
9225
7216
446
5482
2437
2735
4924
8610
9505
1843
314
1968
6814
8084
6836
8387
3011
4533
5583
5754
3475
2405
2613
5390
2225
3779
4313
6755
6463
4345
2971
8785
5823
6831
9328
6901
5736
2023
8975
9227
7840
961
7089
5812
148
5500
4764
5677
6319
332
6963
519
9827
405
1780
8574
5055
8125
912
8735
5126
9374
9424
1031
8524
1789
8562
1181
5576
8864
8622
3143
7640
8303
510
1715
6863
7347
2418
7361
5238
6967
6804
3716
7943
9185
4967
3433
7815
2189
2882
9097
3535
9046
6627
7076
3970
729
3950
3621
6230
5443
1430
7047
9145
6441
6837
3310
9450
264
7483
8050
1790
8978
1390
6668
5206
578
1623
7744
4441
4316
6148
7568
4244
7679
7414
9265
8301
1943
5844
1947
3428
7174
7442
6089
5841
1676
3917
5787
2000
6339
9564
5132
3474
1588
7337
910
522
9470
3537
808
9627
733
1293
4001
5147
4741
7167
3430
1229
6260
2905
3078
9834
6124
3518
5627
5713
6497
4571
4288
646
8298
5136
8105
8020
2496
9376
450
3236
532
9410
2917
2449
7019
2958
7644
8029
1299
7849
3179
2053
7786
7085
6600
9570
6700
9654
5425
8512
717
8194
1913
7917
7893
7995
4324
8801
6309
1904
8602
8480
7773
3476
3028
55
3603
1355
8857
1684
2134
1984
5054
3623
5210
1000
6133
4133
1084
5526
3928
6902
9793
7911
8481
5743
1135
1369
268
20
4087
8116
1678
5110
1853
9900
6948
5116
4406
8188
479
527
3347
2032
7692
9593
8694
3573
6770
3299
7930
6827
6153
5758
6979
3458
2611
4673
686
7159
2816
7182
1897
677
535
3060
5556
1040
8709
2700
7792
1232
5536
1365
5571
8238
9886
7869
6563
8761
288
1209
9416
671
9713
9652
6078
1394
7152
8212
5220
5439
1867
3556
6816
6943
9268
9037
7423
5073
8681
2111
523
4332
2428
3870
6475
9580
6405
1669
8685
2028
5287
1176
6140
2592
4489
6106
1323
1745
1475
1575
6709
8463
2166
8830
156
1729
1324
6799
5504
9893
9768
612
567
3155
2274
4985
1909
7024
2067
2970
3767
2265
9647
711
2083
3049
