1519
1187
256
1327
1686
1291
93
1687
715
1151
1180
1024
1554
681
689
1815
268
963
1673
1860
398
1065
1761
1181
617
604
886
1891
1244
1830
44
1108
1099
949
425
514
1202
312
273
284
1471
1559
31
700
1378
767
1778
736
1714
1707
889
1749
1850
615
1657
41
1119
316
488
481
479
1238
1674
1566
1764
1011
948
801
19
428
1958
1895
1985
443
835
1917
984
198
819
1933
377
509
1513
1855
462
710
1284
165
432
498
310
1990
1485
1831
1454
1560
1622
967
433
101
942
1346
1580
188
1538
1382
1864
611
1323
1257
1387
676
220
878
178
1818
9
780
1384
1736
808
730
587
1691
1556
875
553
1406
1611
1319
464
23
754
704
129
447
459
492
371
1712
521
1940
1595
1404
839
1255
540
559
236
1460
1448
1591
1375
1467
856
1897
139
1650
1888
107
389
1251
677
1976
1054
416
896
460
338
659
1929
1066
768
1832
1440
216
77
333
731
1548
1113
772
1340
1609
440
277
1213
1814
699
974
1426
209
1867
1899
142
628
1317
548
1204
876
385
713
373
304
1330
1893
412
493
630
1584
275
1271
880
1956
1477
1155
1124
1805
735
826
297
1397
221
1488
378
1419
1077
2
1973
1027
833
904
535
1190
1265
1231
1808
1078
555
773
1844
1636
1717
1081
1547
645
1710
1754
956
56
726
1923
1675
426
858
784
1601
1706
1028
314
1282
660
1445
922
203
361
1528
252
1463
60
969
1606
1088
1019
1823
970
519
1722
474
149
606
24
1140
673
1034
1840
1286
473
407
1301
374
350
478
728
693
351
1056
1476
38
1947
376
335
1309
92
360
1826
1220
1995
1451
163
899
7
1196
1812
14
829
96
919
1083
132
751
1522
597
1604
621
1427
696
652
40
344
1486
358
1874
153
1615
1991
259
441
1413
234
151
388
815
832
1013
910
643
1133
80
1260
1887
1139
1048
228
1932
1274
1079
648
1880
1493
1801
1159
172
845
860
88
873
1225
237
1116
65
1266
223
1639
455
1935
807
724
264
1641
1994
624
1046
1978
939
1799
1553
233
1594
1394
1115
91
981
111
444
131
1006
1415
838
932
979
1729
399
135
54
1927
890
501
43
334
159
936
354
674
786
325
872
907
609
196
1039
1654
1758
365
1154
1233
133
87
850
1130
706
109
1792
816
1909
337
1248
362
200
496
678
1304
543
291
1093
518
1241
1000
1032
1987
1573
1437
1773
1132
1192
594
722
619
1537
1629
1649
1057
145
703
723
1491
1240
403
1734
1945
719
670
1400
1015
1186
1620
339
146
1980
1442
154
1667
68
1332
302
1310
1227
1836
1443
401
322
115
1311
383
1777
1253
1300
930
618
1064
1179
1787
1858
1628
1033
1447
1569
1695
49
161
1666
315
55
21
620
1148
1060
346
76
436
1679
239
913
852
1276
709
663
1921
1659
938
1633
1425
1517
1502
596
923
1733
1589
405
446
792
842
311
1452
637
524
1364
1153
983
1125
1743
1475
454
281
423
1904
1912
571
1071
420
985
1107
1859
1564
1614
1373
738
1786
235
156
662
1
840
1809
1825
393
1147
1765
1091
1045
134
1189
449
547
1915
776
1790
1339
1962
437
796
1807
1529
465
61
1621
1053
972
298
258
186
103
701
1660
1135
137
1087
608
1399
1234
1002
1698
1118
1324
1110
353
1668
1715
308
79
600
541
1221
288
1637
1678
1005
1094
639
771
1744
1746
261
422
364
1085
1988
1363
379
25
1970
1472
1883
1376
1356
1901
1134
8
1781
472
1455
1072
1942
1967
947
369
627
1902
1587
1685
1738
421
909
1797
357
218
1906
1684
642
327
1626
336
1763
296
1709
1143
370
998
175
1461
591
828
957
1688
626
1137
762
1644
1853
1545
1353
825
1168
1096
1047
529
1146
1428
1334
1965
894
274
675
846
1219
486
1596
1756
1677
1986
450
538
468
732
199
363
245
614
935
1212
1862
211
583
27
352
495
1294
410
688
406
194
1468
605
667
1449
1322
1530
1600
287
1663
973
968
305
565
503
1532
1122
1236
953
1031
576
1693
821
1439
1355
1852
303
1193
1525
1562
1484
66
75
1839
1316
1368
1561
516
1755
739
1074
347
1605
1165
1481
1643
1325
1664
664
1295
750
1490
625
1719
1358
1123
286
940
157
185
1779
895
1780
1542
560
757
616
654
1585
749
1555
1511
1331
1527
854
386
1228
11
1362
1571
391
1581
1612
271
1510
141
1742
1724
810
90
427
844
1752
392
837
307
126
26
1539
1838
1313
1866
238
285
1785
881
1703
1824
1014
1827
656
1263
526
1380
1882
1277
59
1916
955
549
289
1877
1264
1017
1646
1280
1405
1092
375
817
785
382
30
976
1968
1421
725
445
167
721
1457
1567
140
439
951
1632
1417
1549
1791
319
733
1689
517
848
1544
569
1431
892
1603
190
201
631
191
934
1035
1885
1572
1692
1335
1359
769
1944
1205
192
1670
1097
1333
581
602
971
1966
34
1403
1526
811
171
1410
224
121
607
1577
475
1175
853
1725
552
1474
1423
672
127
497
1796
5
73
229
997
1721
1948
795
270
513
933
926
1040
1275
1795
1197
1292
1237
1392
1174
323
1881
1453
1018
1022
575
267
1908
898
686
911
265
42
554
1414
994
1307
901
1979
110
740
1833
1095
324
1401
1720
980
1172
1069
783
1252
292
1389
1767
814
1854
755
1163
781
753
1343
1635
94
1523
1370
1344
806
195
691
1127
1329
903
1727
1201
734
1952
1075
1694
1342
1872
1886
622
240
99
1656
70
1184
1222
397
746
869
1293
1501
716
640
125
1847
727
1541
114
962
1305
295
991
1388
168
1662
908
1070
1728
33
1982
1283
1774
612
1557
1713
1337
1869
1563
557
1588
72
1278
1829
183
187
1347
760
1379
960
1820
558
1928
1198
697
598
1769
1747
1367
489
1249
1939
309
342
64
402
1515
867
1552
1690
1267
120
788
914
1142
649
1845
851
173
964
53
485
1531
883
143
1044
1954
563
1261
232
1543
1876
16
1957
1042
71
1416
332
1924
787
1082
1128
533
1759
1434
1592
108
580
152
1102
1817
162
63
470
144
1804
1117
1896
531
925
711
1386
1207
1972
841
1498
1931
1302
633
1371
1038
671
1892
1101
17
438
463
572
1963
1446
1788
1996
863
1683
301
966
169
417
1926
822
1873
247
411
1435
1835
453
1950
1298
961
965
1768
39
1750
1946
29
1524
1672
574
537
527
1068
990
1436
1627
999
15
1041
789
1806
1740
1741
831
634
250
888
1391
1834
1533
1009
1341
6
482
219
1182
528
184
82
884
1167
4
210
1520
299
1930
1492
1296
1361
1521
326
1402
244
484
148
1732
206
1735
51
1203
737
1503
1290
1704
212
1576
1630
680
380
469
902
452
1218
793
1608
507
1766
225
532
1281
330
843
280
1390
1164
1308
1450
1798
86
147
253
1262
551
1516
122
534
483
1579
585
1697
661
702
1551
1783
830
1607
610
1432
1919
928
1161
931
1642
390
779
1949
1590
476
290
394
58
1418
917
1008
1937
1922
1199
1518
1462
480
1166
448
1648
766
1211
1565
366
1351
797
666
207
1366
941
836
774
1247
400
1900
1242
954
1215
1665
1023
47
893
74
1104
567
355
646
1086
568
396
1711
1868
545
1050
1586
1055
741
669
523
1318
1156
1969
1412
1178
849
794
1195
859
193
1235
1194
578
123
916
283
214
1098
372
1036
1570
367
1500
525
119
515
758
1160
104
181
764
345
1913
834
257
1716
1170
217
83
1671
1270
1158
684
885
356
466
1959
635
712
1106
255
765
1314
763
20
320
1941
1345
249
1288
1273
248
1951
943
1625
130
1811
590
992
95
1250
1676
136
1004
505
1610
341
395
987
1246
1171
1001
1903
1653
1245
1938
745
174
1739
542
506
1162
1049
97
707
857
632
1152
368
820
1321
1737
864
1602
573
975
328
404
490
813
623
989
1910
477
1489
1381
208
197
1029
1383
176
414
1507
1508
2000
958
158
1837
276
1647
251
1955
685
905
1100
995
1430
331
3
629
1846
1568
230
1043
491
1593
499
1470
1514
160
1259
1348
106
166
317
1878
1103
777
494
644
720
359
641
742
601
536
511
1145
1505
293
226
349
937
1422
1794
1851
891
698
1934
747
1700
1315
570
897
67
1640
1352
1861
1183
603
1126
1682
1771
584
1269
1020
467
761
1512
1760
1681
1328
180
800
1067
982
1731
1651
408
586
744
1960
1964
1433
138
1420
1936
35
1699
1272
1037
36
1469
318
1299
343
1753
562
1884
924
687
182
1089
1480
1230
1983
1007
579
871
124
824
1776
1229
1459
37
1775
927
564
1357
520
1918
996
1482
879
1652
803
613
593
1540
1661
1634
1120
1984
682
589
906
1974
1377
752
1208
1816
1583
1393
429
1789
986
1258
442
329
1111
1961
117
263
1109
1059
977
1084
1696
929
177
1254
1504
988
1631
1821
1243
1645
1473
1176
116
50
222
718
692
1144
102
1487
1365
1478
1407
1256
1905
595
69
1762
381
1456
1619
418
1745
944
1395
522
636
1479
227
100
204
539
1129
920
1751
900
1073
150
799
1465
112
1871
1224
918
1177
98
717
679
708
775
313
451
790
1312
1536
419
756
1925
1802
1993
1793
1857
1287
566
1494
1369
1898
84
1441
1680
1061
1669
870
1911
802
638
1822
915
1010
759
791
1613
189
1424
1141
861
471
1216
78
1206
1770
668
213
805
1052
1971
1843
855
512
1701
1026
550
118
665
804
798
1354
113
1131
10
809
1726
561
1003
424
1920
1865
874
242
658
1599
1051
1618
1914
1848
504
577
946
1185
48
1597
1616
743
434
1239
556
1819
812
1030
510
164
508
695
1409
1638
862
1112
912
1411
1849
778
458
387
13
431
1350
461
279
1828
705
254
155
1841
1655
1497
45
1188
592
1226
1360
1121
690
1157
457
582
588
1306
544
128
1303
1210
1495
1863
1998
1268
1550
827
1800
959
52
1894
1578
993
1149
1509
1338
1408
1466
278
231
1943
1658
1279
1285
202
1975
1173
1209
1058
1080
1723
62
1464
818
1223
18
1200
1138
282
1349
409
1136
1842
770
205
1063
32
348
300
1191
1458
782
321
1890
1558
1574
1214
865
1336
868
1289
1534
1169
651
1772
85
546
1889
530
748
46
170
1438
1150
1114
950
1582
1879
877
1444
12
1546
847
1499
1021
1981
1575
306
430
1429
1953
978
1875
1396
340
655
28
1702
1385
215
887
272
269
1012
1217
1496
647
729
1320
1999
1076
1506
714
1757
866
1784
105
1813
1718
1810
1870
57
502
1705
1372
823
650
1907
1374
435
243
89
921
1997
1730
1062
1992
266
260
694
1856
246
599
1483
1232
1989
294
952
241
1624
1016
1623
1297
1598
413
81
945
487
657
1803
415
1025
384
262
1398
1708
653
1977
179
1748
882
22
1617
1105
456
1535
1326
1782
500
683
1090
