490
173
138
205
267
174
237
136
316
159
333
288
6
259
48
228
251
300
2
245
386
213
280
76
376
207
343
264
20
462
78
1
49
118
463
296
31
52
293
15
218
313
353
420
238
50
286
249
241
53
197
323
489
24
327
169
260
388
464
147
29
427
473
449
134
198
57
454
304
87
456
171
445
202
192
322
5
226
446
283
441
494
115
414
194
248
28
19
366
472
397
224
105
290
416
329
357
189
11
142
43
308
393
261
232
191
284
347
161
10
410
390
452
185
172
81
407
231
102
114
422
170
400
396
340
266
487
110
358
335
272
298
124
384
229
369
135
438
318
426
227
479
498
127
467
163
372
466
484
144
497
84
303
149
317
212
399
108
65
380
430
35
162
480
233
348
496
188
373
132
425
352
435
104
225
45
38
478
295
392
13
244
450
4
442
493
67
23
297
9
334
394
403
491
14
483
302
364
294
12
16
107
178
112
180
95
409
99
439
85
287
350
433
33
281
160
370
346
361
481
395
139
246
477
203
362
379
70
301
100
256
98
175
56
383
291
82
137
193
141
91
119
274
217
382
133
234
415
277
223
131
453
321
250
17
417
123
268
187
152
41
140
339
37
80
459
101
77
146
411
221
71
257
276
408
179
328
148
285
499
21
166
44
419
58
113
402
240
128
60
151
253
412
89
486
42
432
263
68
391
448
398
30
62
325
381
220
79
500
158
338
167
69
319
363
475
93
64
331
437
344
345
208
429
22
130
177
195
51
106
279
196
368
36
355
443
367
40
476
165
431
216
447
32
27
186
75
168
154
492
311
289
315
204
444
111
375
424
330
230
129
413
122
150
273
153
332
143
209
271
265
116
200
243
182
215
434
8
94
74
86
59
184
258
214
25
349
440
418
485
145
46
270
34
7
310
239
121
371
242
354
282
365
109
199
262
18
451
309
39
235
96
305
306
211
314
269
88
183
236
326
26
389
423
378
342
359
482
3
455
471
337
206
190
72
495
428
222
247
164
176
312
61
83
401
254
387
275
377
92
210
324
278
374
125
117
405
54
474
155
461
469
120
457
201
385
157
255
341
103
66
73
458
47
55
126
320
336
63
219
404
465
351
299
436
360
470
468
156
292
406
307
97
90
460
356
252
488
421
181
