3004
1583
1328
3676
2250
4570
2397
2973
943
2190
1805
3923
2940
4558
530
3148
1979
1040
4736
4840
4470
2088
4554
881
896
4957
2511
2758
2757
1217
2929
905
3784
2642
4739
546
1729
907
3741
142
850
1722
4120
3588
2926
4206
187
4484
3193
4491
791
1555
4316
3415
1369
1209
1679
4333
1806
2716
25
4989
2674
4213
3352
952
4468
1165
1158
2420
3502
3114
944
3264
4859
1770
2119
2317
4160
548
555
965
3515
2803
2034
4480
4334
3010
2170
2612
1366
4799
1788
4164
3183
3436
4497
538
1881
1019
725
2533
3033
1897
236
1110
4534
2252
3357
2075
591
1319
1948
3936
1036
3051
2985
836
2278
158
2967
4866
1396
4258
3828
2076
3392
1732
3561
3830
2251
1355
284
2346
1061
2161
1045
1256
2343
2499
716
636
50
4193
296
2514
1123
2816
1906
719
156
4351
4514
86
831
2789
1204
1203
2543
1740
886
3827
487
3279
3796
1052
3548
4720
631
4381
1169
4520
632
4018
3493
3375
1491
4401
823
494
2321
910
60
3787
4010
864
3545
1026
3553
3322
1277
838
519
2021
4517
1987
4951
2328
2928
2678
4576
2557
4483
461
1334
4861
3672
3111
872
2226
3461
4363
3513
4404
960
4984
1882
2000
2524
4143
640
637
3228
2625
2663
339
2540
2964
48
4150
3416
170
1329
1538
641
2020
1172
417
3988
4685
1129
2917
2807
2582
3315
2601
842
2160
3543
666
897
1122
392
3511
1305
1891
1363
421
1989
1807
103
2759
116
2774
1113
495
65
785
3157
4201
4769
1996
391
4432
2852
3358
3722
3837
2491
1857
4564
1644
1514
2291
3556
4326
1920
4197
3275
2355
3199
4613
2339
311
3046
1370
1431
2734
3231
4081
2447
2606
1489
3290
699
3505
4277
2484
648
4689
2948
4113
4309
3632
4064
2629
2639
395
4883
1619
4296
2733
3396
3863
3879
2228
668
97
4325
1564
580
15
1902
809
4380
1068
2923
42
2811
2981
4189
1869
2124
3261
4620
4331
4744
1612
1391
4842
4163
4585
2919
1735
818
376
4306
4645
175
2729
4519
1437
2711
4292
4463
1811
1926
4135
71
1170
2773
904
3341
406
2074
559
1841
1347
68
711
3435
2423
4822
1088
3110
4862
3282
1383
3225
1419
1339
4168
2092
1962
2050
149
3721
973
3818
2813
3801
324
1952
3870
4499
2055
2482
3249
3283
3299
327
1221
3890
4537
4550
2152
206
3584
3166
776
4094
1114
1106
560
1630
937
164
3810
1358
4973
3767
1767
3557
2452
238
4788
4256
824
797
4089
203
1309
761
4529
4746
4125
1006
478
2495
314
2830
3658
4917
3470
1803
909
2611
3979
3692
3882
3622
4265
1182
3158
2896
752
3058
4633
209
147
4566
4391
4764
439
3651
3480
4294
16
4737
4424
1652
3947
1819
1677
759
4743
3577
4383
4569
998
3508
629
4751
1351
67
3137
1939
2664
2999
1295
4348
481
2426
4552
2502
1533
3540
4212
2364
4740
4442
4217
3764
4170
73
3364
1410
4870
219
4574
4515
2299
4161
1938
2836
2746
3600
4031
1125
4580
2698
2413
3895
1919
623
2945
2402
610
1470
568
3099
832
3418
4871
4490
2861
4341
4375
2443
2898
3427
154
4898
3549
347
2242
2708
4021
2017
3808
801
705
4403
735
1984
594
1194
775
2517
4581
2827
2737
4156
3791
2597
1701
3164
63
4823
2200
766
2831
3366
939
1830
430
3858
1894
4303
2741
3194
2377
945
4664
2645
3920
1378
3691
3789
3000
3876
4778
2453
420
2178
901
1176
4586
2655
3843
4704
220
109
4836
172
1636
231
2673
3803
1399
500
283
1093
4058
1542
2826
2001
167
2334
3535
3678
1022
3484
1429
4760
3880
3152
3425
4134
2225
1448
4033
1546
4553
1157
1211
180
882
1058
1009
2245
2014
3475
3729
4181
2288
1136
1777
750
207
4097
1189
1537
507
4102
955
3433
3226
1937
3203
2998
946
256
4140
1331
1379
3421
851
667
3307
3522
4790
1617
2559
4076
2290
4415
3370
253
364
4025
3196
4388
4220
3822
1337
621
3445
3015
2216
3204
2217
4026
1527
4658
3462
1858
3230
856
4283
3086
4123
1004
2962
3971
876
1477
2384
2149
4488
1401
4330
3207
865
4948
902
1799
1521
3628
2659
1078
4053
354
2255
1977
1818
1694
267
2302
4250
277
2677
3308
1081
4017
2275
1465
3361
4663
2469
315
1349
4626
1704
4938
2189
4204
2819
655
329
3253
2634
4077
3905
4233
4195
4557
1212
811
3913
3442
2390
1969
4370
2788
1706
3695
506
2632
386
2657
2970
2566
1065
307
368
2335
1614
100
4070
3812
3130
977
2424
3964
679
1275
525
729
3593
2516
1092
611
4776
2627
1944
1640
3663
4191
990
2697
1515
1005
3116
2694
4810
4286
1587
1743
4782
4093
4236
1696
603
1144
2669
643
3643
3214
828
4024
3566
2750
1168
1097
1941
515
4994
3805
3829
4041
1727
1520
1992
3426
2693
224
2717
4149
3832
3212
3332
4414
1846
245
3785
2436
3292
4631
4249
1896
4027
644
756
504
279
1657
3714
1508
138
1976
4302
462
4054
651
2401
3393
193
2186
609
3083
3887
3686
9
566
3041
1569
1439
2249
2567
3701
930
2487
4472
2465
4885
2662
4214
3677
3106
133
2348
2256
3667
2705
2433
2832
2221
3578
4426
3649
1154
2760
2908
1318
4119
2768
871
2549
4828
3054
1245
4235
3960
2459
1631
41
3539
4175
731
237
2120
2048
3798
2513
4349
3314
718
1723
3985
2047
1690
2199
400
1458
4968
4167
2569
2455
3368
2695
1554
1953
4355
1274
742
2538
1784
3873
194
2870
2916
3901
2286
4857
1202
3563
4787
3661
1184
4501
3390
2448
21
1223
2994
516
3591
4165
3835
553
341
213
396
1780
769
1567
2159
3670
1354
985
45
3685
862
4005
423
4274
3514
3032
829
1236
2419
3684
124
118
906
2626
2007
4671
3189
4826
2913
3839
1954
4040
1079
2412
4845
442
4178
217
2616
3084
2350
3044
1124
2719
325
1101
2902
3657
4364
879
489
3345
1462
1421
893
3634
3011
70
2924
2882
3266
502
4328
362
370
3806
4410
1479
305
288
3328
1360
1693
3023
4926
4923
4281
2253
1500
2303
2704
684
4264
1863
4347
2894
3376
3215
3724
2701
2756
2089
4050
1840
4712
2295
1073
3986
3983
4541
3842
2835
4339
4653
1965
3077
1386
2272
3853
226
4547
1847
1816
575
2588
3399
604
4771
246
3961
1943
241
2218
4571
1605
3018
1593
4190
1199
407
3437
1871
2995
467
1809
165
4865
2457
2530
3348
3020
1001
1146
1307
2112
2942
767
3978
1185
130
1724
4853
1654
1476
2978
1571
4489
2794
2053
2610
3955
4995
1498
3495
773
3287
186
2921
2522
2187
849
1325
173
4521
4545
3071
2243
4832
1294
159
1428
4440
1367
2972
419
3571
2772
710
2479
1528
4074
4199
4207
4111
3560
887
2359
986
953
1838
4797
4839
2906
3709
1536
477
754
2045
933
4929
1933
1457
815
4095
96
2977
3248
1601
1053
1543
616
585
4716
1676
344
549
1388
4991
211
2604
2323
2037
3327
598
98
2475
2330
1685
2660
4974
854
4698
2574
4315
1327
2730
3180
29
2573
458
3293
857
498
1749
3894
3526
1765
1923
3626
1460
4834
4253
894
2874
3463
3501
3079
4666
845
3104
1015
3465
2128
4492
4142
1517
3625
802
696
2686
3017
1394
2354
4875
19
2961
141
2728
1494
1825
4527
3550
1831
4234
3428
1539
3185
4618
1718
3486
1582
2231
4781
941
1782
3386
2801
4275
2293
3568
1162
2765
4892
4433
486
2005
1804
150
2900
3081
3861
293
2391
1463
1357
995
3133
2649
2944
1032
4188
1287
2118
2568
2312
2651
738
1482
2398
4280
4419
3711
4730
2903
3276
3262
2287
3636
2572
2930
3150
693
993
148
35
1990
3423
4988
4413
1155
18
1330
2747
4927
4931
2071
2787
3592
4930
2621
2890
1435
4770
3038
4117
4400
2952
1389
2125
2875
4528
2313
3694
3113
774
3312
4914
348
2104
1683
110
3995
3221
1855
3776
805
1224
4670
1684
2394
2679
2069
394
3773
2123
3324
1635
1271
4725
2501
2146
4935
3405
4623
4485
4682
252
867
4062
1974
1201
1878
4115
3730
839
4238
2556
3091
1302
200
2308
4650
3229
1672
6
2212
4646
4439
4289
3758
176
196
4087
155
2025
1759
4573
4661
136
2219
1453
59
330
1622
3094
2635
3451
113
2127
1616
3699
2051
3383
2209
369
1656
3659
4632
3311
2825
1796
3441
1552
3037
2240
2915
3043
2666
1968
1183
53
78
1133
214
614
4210
1246
4061
4628
2892
4226
201
490
4913
1023
4718
3424
2183
2879
2932
2558
608
1978
4318
4907
2858
4959
3048
2095
4522
522
4122
374
4482
924
2096
4229
1660
472
658
4617
4430
2105
4813
453
1304
1632
2791
328
3755
1914
4073
2067
3316
3760
1289
4444
4756
873
2356
1050
195
2591
3681
1409
4451
1870
3373
249
4338
2176
3954
2180
1607
3718
4741
346
3533
333
2018
732
3998
3242
1076
1308
2951
1128
4172
449
3088
2121
1750
1755
3662
4260
4121
4844
3129
2847
4578
1240
3132
4629
3039
3574
2400
4398
3509
2006
1678
4640
1239
1235
4461
1080
409
1229
4855
4352
1667
2421
661
3179
2171
4425
5000
1473
3474
3318
2332
875
1405
2585
4846
2382
2046
4034
1492
4784
353
624
3134
4589
1499
1768
2015
3060
199
4284
4561
4145
3962
1423
4047
1862
2207
3797
3477
3087
2314
3497
151
3710
1353
972
573
3335
2590
4000
1150
3059
3610
1821
672
4447
366
2761
3409
2026
1205
1254
2148
505
3339
4437
3028
4891
4022
1639
4702
1344
1261
1137
3107
2381
2138
2912
1734
4979
1234
2065
3029
1779
3233
1935
1849
4827
2027
3987
2379
3899
2461
4563
2904
4007
4575
3140
3925
2738
1208
1299
4114
1070
1338
1509
37
4838
764
3688
4157
3401
4731
3380
595
3123
1037
2871
1964
2038
4397
3310
3904
1109
1615
1213
2724
1112
3854
3723
300
590
1812
4332
1191
1872
4223
51
2797
3126
2268
4543
3072
4556
242
697
3384
2023
2971
2563
11
1946
3974
2399
552
4029
3620
3646
3429
4526
1918
981
989
974
177
1483
1889
2392
3272
3973
4533
3687
671
778
4246
4686
169
1929
2044
460
4864
1252
264
2984
2403
1281
2309
638
3520
3473
1385
2117
2222
1464
1566
840
1814
1466
2306
804
3647
3569
285
179
4583
212
982
1733
509
2652
4654
3834
3371
4409
4802
4048
4107
4980
205
1216
2561
1545
1792
1377
3284
317
3763
634
3184
830
1151
1752
4662
3354
3097
3525
2742
1641
1365
3457
4493
2866
4185
545
3337
2233
3075
2605
2749
4791
1188
1915
2471
660
2103
4814
2862
448
3530
2681
111
1844
4412
1668
3951
1893
4407
4793
1560
3350
1408
4745
2671
266
1834
537
3942
846
3766
4723
3353
4559
4780
3762
3855
1063
4455
3793
1568
1485
160
2800
3105
2992
4059
2370
1043
1198
4987
3726
561
3506
3867
1826
961
513
3996
3871
1890
260
3753
2545
2799
1225
2422
2834
1038
3440
4719
4877
3168
4625
807
3847
4639
181
1787
389
3289
4630
3117
3683
3381
2494
2451
721
781
3866
4727
1909
4209
2560
967
3340
2740
2770
1495
1827
1698
3489
1497
301
1424
134
569
786
3494
2578
3021
4308
578
4384
13
191
4837
2624
3924
2781
2108
927
3612
1089
1010
4817
4469
2428
2523
1592
4353
3112
388
4869
197
3903
4774
1754
2393
3420
1098
268
1242
2389
2110
3888
4278
3673
178
221
1559
302
4506
31
4411
403
1886
4360
2640
1426
3510
3748
1264
3660
3138
2043
4079
3216
3507
2310
913
239
228
4500
33
2182
4889
688
2809
2181
1286
514
1917
4753
233
3944
602
4169
2636
1940
633
4464
1167
4462
1190
3139
4153
4901
3919
4544
529
2936
3885
1822
1985
1621
808
3296
3027
2565
1012
4610
2725
3833
1056
4344
363
4314
880
1725
4310
2446
565
2164
30
2718
1442
26
1441
4775
3768
2273
2202
4806
289
654
4916
2618
1795
2486
3706
1
4243
3025
1446
3915
3989
457
2555
174
4967
1490
925
4601
1991
627
64
292
1131
2248
2849
3498
2019
1544
3811
4758
2049
3387
4598
3551
4803
1312
412
3712
2934
3655
3317
2841
313
3024
2173
4171
2081
2169
1856
1802
4144
4459
3391
188
3891
2163
1262
1322
2449
1600
2385
4812
2418
3040
157
3675
796
2357
2628
229
3419
3953
4013
1268
2957
3223
1219
2777
3583
1071
227
2842
1415
3452
4535
2763
3750
971
2960
4668
2084
4681
4997
1130
2196
4477
3970
4357
1444
979
4638
911
2823
254
2386
3825
1574
4408
3703
3836
304
475
2340
435
3007
4675
3078
1852
2097
1149
556
4372
4475
1993
74
1888
2731
2277
93
108
3862
4176
4647
695
1467
4237
3173
290
788
783
3333
4944
2258
372
2570
127
436
2349
3529
1570
2735
664
2472
2283
4749
1551
4487
885
4221
3590
4305
66
2726
2147
1865
3406
3700
3639
1187
3844
4560
1180
3605
2853
2175
3192
3747
900
3589
1400
497
1535
4148
131
2425
1315
4841
4003
4405
1828
3640
4450
1994
4255
2409
2353
1030
429
4807
727
3031
4110
2887
1418
2837
3186
1720
2445
4820
278
4177
3468
2954
768
1013
3330
1791
4983
2884
166
3614
3648
4792
2093
4080
834
4137
1627
2143
3731
1563
3932
4471
1300
3161
1604
3527
4805
2824
4754
558
4133
4118
2979
3736
4335
1116
4694
345
4320
1947
297
2135
4287
1687
2232
1335
1104
3937
2910
1164
1703
4636
4860
691
3492
4954
3014
1511
4228
3165
3259
4809
1292
2012
2872
2467
3623
1848
3404
3949
3621
4523
4582
1416
4717
2868
1468
607
4241
466
4920
928
1836
2885
4524
3169
2154
1313
2829
1540
2480
2637
4977
1713
3820
1839
2140
2689
4324
3258
2546
3119
1682
1772
1773
883
4766
2647
3765
2395
4511
2821
3615
1981
1958
1925
1450
1526
1599
1472
3689
2380
4434
3175
4603
2437
3579
2215
1900
432
4932
1345
2584
1326
4863
2033
95
2408
2779
1995
102
586
3946
835
4851
2463
674
535
615
4955
2547
1346
4606
3930
1258
2415
4873
4495
3127
3771
712
1303
3402
4922
517
3002
3372
1044
3211
4322
2822
90
3582
692
1179
2856
1503
145
4649
3108
3921
4651
3205
3070
3838
2197
1959
27
377
2670
3720
4824
3922
4245
4627
2058
2490
3367
1100
3103
2676
2024
4420
4868
4288
4669
2247
1721
1998
1548
4465
3941
1427
1597
3278
4882
4020
2542
969
248
3802
2077
2592
2151
1141
2341
1085
4876
2988
4057
488
3291
2013
3940
2347
2796
2672
2266
1674
2489
4895
2667
491
2792
3240
3631
3210
4166
926
1048
4691
2016
1921
2062
3483
303
1714
4240
1311
588
1451
4130
2141
4710
4109
572
210
1573
1730
642
2802
1737
3206
2857
4100
1296
884
4933
3394
3431
1647
2378
4389
1035
3534
3516
3067
1854
4763
1659
3817
1983
2864
3997
1135
4908
4605
1241
3759
4911
994
2130
4337
4449
4390
2060
1664
1790
2099
2895
1362
1586
4676
4867
959
665
3187
2595
1843
4039
3034
4194
3959
1681
1815
1518
3490
3889
1532
1547
3363
4043
3752
2298
2086
411
2614
4779
2230
1250
82
1988
2094
1633
1982
2325
3541
1414
2586
4819
2292
3082
2641
4750
2087
1372
1364
4590
4733
3902
4186
3432
2338
4394
259
1244
789
1874
3618
4023
3788
820
877
4319
2320
3172
521
3945
4297
551
2464
4728
698
1898
2609
2798
2070
4146
3273
493
272
2297
1688
4981
426
2969
852
1384
3256
2281
2594
1813
3717
3487
459
4665
316
1961
917
1761
1387
2783
3990
4196
2873
321
1430
4
3993
2260
3848
3336
3174
3351
1651
4734
4785
868
1057
618
2656
4099
795
4266
56
1596
479
2784
4453
338
1018
793
1562
2931
399
4878
244
2414
954
2269
3453
1689
4187
4399
1710
841
685
4373
3227
1880
3093
2562
1049
496
3251
715
99
1238
3061
2941
3294
912
4262
1866
3306
1412
337
2531
1864
3009
4961
4894
980
1697
4677
3708
171
4298
4454
4452
4247
4345
2368
1845
2458
3089
3980
1445
2699
3417
1118
1853
878
3356
860
2363
2224
1324
869
1680
2481
3213
3757
2137
4509
935
2743
3804
414
1280
3845
3267
2132
3693
1549
2079
2430
2107
452
2324
4683
2090
1447
2360
689
3320
28
1397
1008
2503
2812
628
4568
128
2373
3824
1618
1055
653
83
3939
3063
4182
3003
3780
261
3892
4978
3840
2375
4777
931
2506
4096
38
2488
4224
4004
1207
3458
4829
2702
349
2881
2168
4937
1934
4239
2319
2405
2192
4804
1556
79
4912
2153
3005
3239
3321
2721
2938
373
4340
3488
4847
3449
1272
1766
4958
4508
4502
4934
563
4474
745
798
794
966
1117
4726
2899
3745
3645
4252
1529
3124
106
1580
8
1875
3326
444
2345
3602
43
2442
2470
401
1232
2775
1742
3236
2536
1653
3943
230
1348
340
542
2631
2848
4230
4800
3564
384
3500
810
1249
484
1557
3147
1927
2736
4679
2036
2577
3715
3609
1020
1033
4290
4001
3521
1928
4919
1301
2167
755
1867
4593
4301
1374
308
4530
3976
1105
2622
596
1459
1471
3286
825
379
3047
1860
336
1215
2351
1434
2550
2535
4002
22
3439
2901
2122
2956
1000
4084
3969
708
4392
4446
3144
2753
3265
1884
2410
3257
2473
1486
1193
1850
1469
1956
4893
1879
3305
2909
3823
2322
58
2091
2526
2684
4476
3601
4091
2165
1581
2715
4761
2003
2654
3362
2886
4198
4486
574
622
3856
2009
3877
921
4655
676
903
4940
833
3727
2615
1999
1895
418
3313
4231
1196
146
3125
3524
714
3476
4441
2709
3769
2691
2265
4722
996
2387
914
2805
2963
2229
4443
3135
2111
1913
3567
2454
20
1161
3325
75
677
2653
4139
1075
3544
3182
454
273
121
2755
2688
4466
1930
3537
4072
1310
4619
3914
2510
1835
1082
2580
1341
2365
4227
2450
1115
3035
534
4473
3191
4616
1561
4152
4092
3633
1907
2876
4174
3770
2675
3377
89
3454
4721
1800
1263
2497
1375
2553
2996
1973
2602
1186
4538
2133
240
3926
4659
4460
3682
4116
2927
722
3434
3302
80
1588
4599
1282
4180
790
2598
4268
2054
3790
706
673
1758
4678
2723
4131
3331
2372
4422
4285
1011
787
17
4732
2008
1584
3052
999
652
4270
749
424
1062
2
2808
3778
4811
1624
2129
1972
915
2106
4584
3665
2155
2845
4738
949
1883
1142
2311
470
225
3323
2889
3274
306
1760
3008
4939
3754
501
2817
3115
4729
1899
425
3247
1739
704
3911
161
12
208
40
3202
3881
1200
646
2946
763
1824
3606
511
3816
4850
777
1885
2237
3690
3532
1143
2840
7
4918
2911
4365
3948
2922
4045
4998
1658
531
2444
1950
1014
3585
593
950
433
3006
4481
4323
2139
853
1099
2456
1359
255
2644
3304
4378
291
1413
2776
4386
3281
870
2534
1634
1121
2407
3552
262
117
378
947
1903
81
4641
800
942
4602
1661
4222
4693
2500
1512
2552
72
3815
4825
204
4888
987
1717
539
2417
3950
2259
3519
2144
1648
1705
2388
4950
3238
1960
2073
983
397
597
2619
215
3154
4037
2983
4757
3795
3781
4011
2713
3719
2810
1094
3737
888
335
358
3355
2331
258
2213
2041
2305
2780
4457
265
3851
4071
2843
4467
1747
2274
1481
4056
855
2623
4371
3397
3338
3064
3142
4068
3198
2126
3898
757
734
3412
1273
4158
216
4886
2205
3244
1420
2011
1166
968
318
2431
3734
185
1195
3597
1371
4945
523
2376
2427
2714
3209
1608
2785
3222
1692
309
4667
2246
4448
3841
1067
4699
2220
3303
55
3012
1868
1433
3931
724
310
2748
4821
1711
2358
1484
2344
1945
2937
1107
723
4962
4106
1443
2980
1091
4924
1745
3122
4385
4267
3092
2085
4019
2888
1908
863
958
4947
1373
1126
743
4715
2722
1986
3934
4184
2068
2166
3118
2596
562
405
298
720
2974
1027
3163
2939
2905
3101
2214
1757
4714
3596
2762
3329
2710
3967
294
617
4254
3151
2276
1102
4975
3742
951
780
3499
1650
434
326
2336
126
3090
1530
2254
3555
827
1251
2031
1594
503
650
2804
1675
280
3906
1823
76
375
508
2466
2174
257
3884
1283
2959
3201
61
1152
1808
1980
1534
3587
1139
2078
1025
3756
4098
2599
4960
2080
2965
1290
1655
2184
3260
3576
1064
3671
4643
2833
3482
3464
1159
3066
1276
4910
3030
4587
393
1432
1031
1017
3065
4395
4690
2485
1829
2863
2877
355
4105
2512
410
1769
456
2271
817
3994
4090
2782
3846
387
3857
1820
964
2440
4032
2883
2285
3255
382
4874
2752
4429
1598
1493
4648
4684
4368
3444
1192
2527
2815
2416
3190
1227
271
4044
3650
2145
1028
1837
1764
3859
3751
2947
1111
583
4604
758
2496
1343
4591
189
1054
144
1288
4327
1163
1422
3301
312
3958
1905
3197
3022
3735
916
4208
3343
3013
3707
416
3073
806
3641
357
821
1060
1087
3570
659
2203
1233
3342
1069
3102
3395
1393
4996
2029
984
3455
115
4551
473
2208
1623
1407
3095
88
3907
1488
1789
3965
52
1801
3554
1832
4496
1084
2294
2307
218
1610
451
4884
1513
4789
2057
570
1794
837
2435
2551
4273
1066
4085
390
3121
1861
4042
3786
3309
4436
3783
619
1218
4216
3208
940
1425
4036
2315
183
4708
3927
2607
3056
4313
3821
2267
510
2361
105
4816
1243
2528
3195
1220
422
2766
1298
4709
2795
2925
4362
2943
1575
3263
1931
447
492
2492
3109
4393
4992
1406
2518
2583
751
3603
2301
3900
4203
263
2739
713
1206
3446
520
4969
2744
3883
3120
4300
2238
1291
3344
4858
4887
36
682
4358
408
1059
437
402
2476
564
938
936
276
4132
2367
2620
929
1074
129
782
1160
3069
4755
4621
2897
1259
3852
3573
3136
3026
2083
2646
1715
859
4707
404
1859
587
736
123
1553
1748
1474
1646
1177
2210
4354
4562
1666
3613
2838
1507
2263
4965
3952
1320
1095
1096
3981
485
132
77
3504
1670
4963
4594
4516
1525
1877
4970
2438
3607
476
2002
3466
3957
2613
1589
4724
1148
2061
2950
3850
4783
3635
4713
4173
4082
4377
469
4849
726
792
2236
2434
4549
4293
2548
2493
2304
2508
4786
1138
4244
4159
4307
1390
4634
3074
4902
1510
2042
1967
4342
1333
1456
3382
3878
956
3459
540
1613
2063
1781
3410
3479
3595
4078
1629
1077
681
4525
1284
359
1741
4588
547
707
443
4279
2460
2532
4321
3604
645
3016
2648
281
3220
381
1645
3652
4009
3042
380
223
4299
3869
2432
250
4060
4067
3349
1810
866
2064
4607
4896
3893
4183
4964
4435
3218
605
2818
4532
4928
4688
657
3055
528
567
3654
1719
4921
3131
3347
3471
1317
2712
2040
47
1966
1786
39
4312
4052
3761
4030
198
4614
4242
4673
1197
1230
1673
4854
2665
4162
4438
4012
4711
1798
772
3800
4507
4272
3972
4985
1776
4656
922
3991
4428
3098
1924
3966
4579
1156
4317
3813
584
4949
4952
2441
4124
2603
3156
753
662
4982
1352
1626
480
770
282
4127
3443
518
2194
3232
3938
4972
2685
3460
1487
3177
192
690
1395
2474
1461
4697
613
3246
2188
1103
299
1285
2162
2593
1021
890
1783
1321
323
3280
2177
686
2468
222
2638
814
4595
2504
2745
663
687
2284
2193
891
1971
1756
1398
499
2860
1350
3874
1336
4798
2600
847
819
4269
2990
4510
4356
4374
512
23
334
874
889
2680
4038
1247
2101
125
14
2696
482
728
577
2462
2115
4126
4006
2477
474
4138
4049
3814
104
919
1686
152
1323
970
625
1691
243
3872
3019
3297
1506
2839
948
3594
2771
351
3713
3704
3629
3045
2880
3799
4705
1910
1975
557
2366
4503
1332
2700
3360
2411
2059
1404
1210
612
3217
2116
1279
342
2692
1140
2529
3531
2100
3096
2022
1314
2235
2239
1260
2066
3909
543
4971
4147
2195
413
4735
2907
4986
997
4531
4379
2814
2732
4956
3772
2333
1248
464
3697
202
3456
4946
2539
3234
2109
3637
3176
153
4609
816
784
1763
4271
46
3224
4899
4445
4427
4672
247
1228
1265
3178
4546
1270
4794
669
2920
139
762
438
3369
4966
3809
4366
2507
3616
3050
3558
383
2039
1175
733
1774
3744
57
2280
4890
1174
3271
2537
4642
626
2643
1797
2004
1505
908
1455
62
4154
1119
4742
2028
1042
1361
1628
4818
4548
1833
4872
1576
1475
1496
3237
3642
3725
431
4936
4796
4542
2257
1762
455
4577
4615
3159
4456
620
4513
450
4051
4083
813
920
2820
2289
656
4205
554
4539
670
2316
1649
4815
541
428
107
3448
1936
4141
3910
32
3733
1376
2429
3298
2859
600
741
4622
4108
360
4674
3365
1565
3491
3956
4387
1524
2326
2793
675
322
4747
4421
4329
3581
1380
2102
2587
737
319
2352
3774
4282
1041
3128
3868
678
4540
1516
3807
1699
1266
1851
3746
3319
3268
1753
2575
4953
4075
2579
4251
899
2949
182
3896
1522
3080
3269
112
2198
4218
1744
2223
320
3656
771
295
601
3481
3740
2264
4179
2844
2966
1638
1595
2953
1127
4155
1707
1072
1090
84
1147
270
1382
2703
4359
3826
1046
3049
483
2282
3738
1702
4843
10
3562
1316
3984
4925
3831
1381
2661
2156
1911
1591
2754
3496
1550
2769
3918
1963
2179
803
2846
2244
4498
4211
24
101
1892
1452
3933
4518
4088
2764
3668
701
2329
1024
4831
2211
3999
361
746
1606
3860
1970
2975
4295
3917
3749
3627
4418
3411
2968
976
3680
1708
4376
3398
2658
1611
3559
4572
4291
4505
4478
356
1949
3388
4225
2234
4611
4248
589
163
779
440
2098
4304
1817
2581
4016
2520
1901
2157
1454
2052
4346
3295
1602
4035
2541
1231
4151
1178
3743
3346
3702
4772
932
415
582
4635
962
135
367
2867
717
3696
2185
822
1237
2933
4904
3146
3241
1501
2300
2855
1368
4458
3518
1029
3538
1620
2072
69
639
1716
2828
1793
3438
1039
4069
3001
760
848
3414
3674
544
350
3374
143
3619
4311
1912
4028
606
1519
2751
1449
137
4008
1665
2682
1222
3975
4695
3819
1134
3916
599
3407
122
4830
3250
988
4703
2767
1932
4852
3644
3928
92
1257
1951
1700
1751
3285
3782
703
4767
2519
3200
3666
3062
2851
4066
2986
581
2114
3575
2406
571
3403
4136
3586
3219
4406
4765
1007
3270
4637
2854
4808
3982
2955
4431
1047
3155
2082
3181
2617
4993
3472
1269
1051
3608
3528
4200
579
2136
744
4567
3160
2142
1440
934
2878
2564
3849
365
385
4748
4565
3935
532
1480
2337
3598
1214
858
2707
3886
2650
2201
468
4903
1736
992
3864
446
3653
3245
168
3068
1016
4897
3669
1942
4856
3
765
4600
1876
190
1572
3912
2991
3679
4881
3523
3638
4101
3775
991
2589
2261
1726
2206
4835
2509
1695
2958
4942
2150
1778
843
2498
2327
4112
2404
1590
3145
3977
427
3777
3467
3408
2683
1709
3536
4367
2869
694
2982
4343
1873
1997
3705
895
3389
2706
1153
978
4417
3076
465
44
3149
647
4680
1746
4361
4555
1436
3875
2374
740
4768
4879
4015
3779
1002
4596
4612
1731
3716
918
4416
2056
4597
471
251
826
4202
4608
748
2850
2483
4692
526
1775
3379
1663
2158
799
1267
3485
162
2989
463
1342
2571
1643
2134
3413
3447
4941
1671
3963
4880
2362
3300
2630
1411
2690
2131
1609
4906
4657
1253
1504
1712
1278
2806
49
2241
4192
269
4257
4773
4215
1502
94
2668
4259
2997
1003
2439
975
3572
1226
649
1181
3359
2318
3630
3565
2032
4905
2778
4999
3170
235
2976
4103
3235
4396
3478
3929
730
1392
2914
2918
2891
4660
3908
4350
1738
592
2296
4706
2993
2030
4263
2478
4494
3385
2204
1108
812
4276
2935
4129
2270
1293
3188
3599
1306
34
3517
3542
1083
4592
3794
184
3624
274
2893
120
85
3288
923
3546
702
1034
1904
2010
2576
4536
3897
2371
3739
2720
1642
747
2633
576
630
4382
4219
1558
119
963
4423
3698
4752
1771
1402
2113
2727
445
2396
2191
2342
1603
2525
371
3036
140
4402
1531
3968
4065
4046
3547
87
3254
2515
352
332
683
3792
1356
4696
3469
232
635
1523
2172
1173
1669
3277
4943
234
275
3580
4652
4701
4504
54
2544
680
2608
1255
3611
3992
3732
3141
4687
1120
4915
533
4909
4055
1297
1916
1438
1132
1541
3378
1922
3143
331
2521
1417
3100
2790
524
861
4063
2369
3162
898
3512
2687
91
3153
3085
3430
4644
1728
3243
739
2865
3865
3422
4014
4833
4900
1785
3334
844
1842
4086
2786
286
343
527
1637
4848
4336
1585
4795
1145
1662
3053
3057
3171
2035
3450
441
1957
287
2279
3503
3664
1086
5
4369
398
1578
4700
1955
1625
1340
2227
892
3400
4976
1887
1478
4759
2987
2554
1171
4261
4801
1577
4128
2505
4512
2262
3728
1579
3167
3617
709
4624
550
4232
2383
4479
700
4990
4104
957
1403
114
536
3252
4762
